SBT-raytracer 1.0

camera { fov=30; }

directional_light { direction=(-1,-1,-1); color=(0.7,0.7,0.7); }

transform(
    (1.000000,0.000000,0.000000,0.000000),
    (0.000000,1.000000,0.000000,0.000000),
     (0.000000,0.000000,1.000000,-35.000000),
    (0.000000,0.000000,0.000000,1.000000),
scale(2.000000,2.000000,2.000000,sphere {
material={
    diffuse=(0.800000,0.200000,0.400000);
    ambient=(0.500000,0.500000,0.500000);
}
}))
transform(
    (0.370040,0.214063,0.904017,3.500000),
    (0.218075,0.925887,-0.308506,-0.500000),
     (-0.903058,0.311303,0.295934,-50.500000),
    (0.000000,0.000000,0.000000,1.000000),
scale(1.000000,1.000000,1.000000,translate(0.5,0.5,0.5,box {
material={
    diffuse=(0.000000,0.479873,0.585009);
    ambient=(0.500000,0.500000,0.500000);
}
})))
transform(
    (-0.016707,-0.526266,0.850156,2.573130),
    (0.840027,0.453770,0.297402,2.424665),
     (-0.542287,0.719123,0.434496,-50.500000),
    (0.000000,0.000000,0.000000,1.000000),
scale(1.000000,1.000000,1.000000,translate(0.5,0.5,0.5,box {
material={
    diffuse=(0.000000,0.858943,0.174108);
    ambient=(0.500000,0.500000,0.500000);
}
})))
transform(
    (-0.240085,-0.970741,0.004489,-0.291359),
    (0.970665,-0.239999,0.014457,3.523508),
     (-0.012956,0.007828,0.999885,-50.500000),
    (0.000000,0.000000,0.000000,1.000000),
scale(1.000000,1.000000,1.000000,translate(0.5,0.5,0.5,box {
material={
    diffuse=(0.000000,0.364452,0.091403);
    ambient=(0.500000,0.500000,0.500000);
}
})))
transform(
    (-0.947759,-0.284018,0.145209,-2.936449),
    (0.310724,-0.719070,0.621603,1.969077),
     (-0.072131,0.634250,0.769756,-50.500000),
    (0.000000,0.000000,0.000000,1.000000),
scale(1.000000,1.000000,1.000000,translate(0.5,0.5,0.5,box {
material={
    diffuse=(0.000000,0.004669,0.119083);
    ambient=(0.500000,0.500000,0.500000);
}
})))
transform(
    (-0.705469,0.175019,-0.686791,-3.370333),
    (-0.548726,-0.748186,0.372984,-1.068108),
     (-0.448568,0.639989,0.623860,-50.500000),
    (0.000000,0.000000,0.000000,1.000000),
scale(1.000000,1.000000,1.000000,translate(0.5,0.5,0.5,box {
material={
    diffuse=(0.000000,0.607166,0.601764);
    ambient=(0.500000,0.500000,0.500000);
}
})))
transform(
    (-0.030615,0.933819,-0.356434,-1.266288),
    (-0.912142,-0.171924,-0.372074,-3.300987),
     (-0.408729,0.313728,0.857039,-50.500000),
    (0.000000,0.000000,0.000000,1.000000),
scale(1.000000,1.000000,1.000000,translate(0.5,0.5,0.5,box {
material={
    diffuse=(0.000000,0.607685,0.057039);
    ambient=(0.500000,0.500000,0.500000);
}
})))
transform(
    (0.816678,0.570258,0.088566,1.791299),
    (-0.511551,0.786384,-0.346288,-3.048155),
     (-0.267120,0.237500,0.933938,-50.500000),
    (0.000000,0.000000,0.000000,1.000000),
scale(1.000000,1.000000,1.000000,translate(0.5,0.5,0.5,box {
material={
    diffuse=(0.000000,0.726676,0.875973);
    ambient=(0.500000,0.500000,0.500000);
}
})))
transform(
    (0.948370,0.300009,0.102902,2.981498),
    (-0.286181,0.949296,-0.130141,-1.990772),
     (-0.136728,0.093973,0.986141,-45.500000),
    (0.000000,0.000000,0.000000,1.000000),
scale(1.000000,1.000000,1.000000,translate(0.5,0.5,0.5,box {
material={
    diffuse=(0.000000,0.235328,0.462081);
    ambient=(0.500000,0.500000,0.500000);
}
})))
transform(
    (0.170460,-0.673901,0.718889,3.415381),
    (0.966369,-0.028232,-0.255606,1.089803),
     (0.192549,0.738282,0.646425,-45.500000),
    (0.000000,0.000000,0.000000,1.000000),
scale(1.000000,1.000000,1.000000,translate(0.5,0.5,0.5,box {
material={
    diffuse=(0.000000,0.999695,0.996796);
    ambient=(0.500000,0.500000,0.500000);
}
})))
transform(
    (-0.163519,-0.972399,0.166438,1.277413),
    (0.966220,-0.123791,0.226041,3.349734),
     (-0.199198,0.197778,0.959794,-45.500000),
    (0.000000,0.000000,0.000000,1.000000),
scale(1.000000,1.000000,1.000000,translate(0.5,0.5,0.5,box {
material={
    diffuse=(0.000000,0.023743,0.840144);
    ambient=(0.500000,0.500000,0.500000);
}
})))
transform(
    (-0.656429,-0.752584,0.052139,-1.822473),
    (0.754336,-0.654004,0.057058,3.087247),
     (-0.008842,0.076785,0.997009,-45.500000),
    (0.000000,0.000000,0.000000,1.000000),
scale(1.000000,1.000000,1.000000,translate(0.5,0.5,0.5,box {
material={
    diffuse=(0.000000,0.918790,0.008789);
    ambient=(0.500000,0.500000,0.500000);
}
})))
transform(
    (-0.838037,0.173903,-0.517158,-3.550000),
    (-0.519023,-0.546386,0.657327,0.500000),
     (-0.168256,0.819280,0.548151,-45.500000),
    (0.000000,0.000000,0.000000,1.000000),
scale(1.000000,1.000000,1.000000,translate(0.5,0.5,0.5,box {
material={
    diffuse=(0.000000,0.726493,0.837611);
    ambient=(0.500000,0.500000,0.500000);
}
})))
transform(
    (-0.253158,0.782841,-0.568394,-2.604305),
    (-0.966643,-0.228308,0.116090,-2.463757),
     (-0.038888,0.578823,0.814525,-45.500000),
    (0.000000,0.000000,0.000000,1.000000),
scale(1.000000,1.000000,1.000000,translate(0.5,0.5,0.5,box {
material={
    diffuse=(0.000000,0.949156,0.457961);
    ambient=(0.500000,0.500000,0.500000);
}
})))
transform(
    (0.639816,0.708784,-0.297086,0.302486),
    (-0.768225,0.600699,-0.221340,-3.572255),
     (0.021577,0.369846,0.928843,-45.500000),
    (0.000000,0.000000,0.000000,1.000000),
scale(1.000000,1.000000,1.000000,translate(0.5,0.5,0.5,box {
material={
    diffuse=(0.000000,0.608966,0.735008);
    ambient=(0.500000,0.500000,0.500000);
}
})))
transform(
    (0.815661,0.572824,0.081058,1.853647),
    (-0.553229,0.813276,-0.180332,-3.126338),
     (-0.169221,0.102246,0.980260,-40.500000),
    (0.000000,0.000000,0.000000,1.000000),
scale(1.000000,1.000000,1.000000,translate(0.5,0.5,0.5,box {
material={
    diffuse=(0.000000,0.802881,0.425153);
    ambient=(0.500000,0.500000,0.500000);
}
})))
transform(
    (0.901060,-0.139402,0.410680,3.599999),
    (0.257422,0.933995,-0.247765,-0.500000),
     (-0.349034,0.328970,0.877470,-40.500000),
    (0.000000,0.000000,0.000000,1.000000),
scale(1.000000,1.000000,1.000000,translate(0.5,0.5,0.5,box {
material={
    diffuse=(0.000000,0.657308,0.168981);
    ambient=(0.500000,0.500000,0.500000);
}
})))
transform(
    (0.227775,-0.793433,0.564431,2.635479),
    (0.969840,0.133208,-0.204124,2.502848),
     (0.086772,0.593902,0.799844,-40.500000),
    (0.000000,0.000000,0.000000,1.000000),
scale(1.000000,1.000000,1.000000,translate(0.5,0.5,0.5,box {
material={
    diffuse=(0.000000,0.949583,0.147496);
    ambient=(0.500000,0.500000,0.500000);
}
})))
transform(
    (-0.313371,-0.933031,0.176781,-0.313612),
    (0.881651,-0.216687,0.419212,3.621001),
     (-0.352832,0.287228,0.890511,-40.500000),
    (0.000000,0.000000,0.000000,1.000000),
scale(1.000000,1.000000,1.000000,translate(0.5,0.5,0.5,box {
material={
    diffuse=(0.000000,0.070376,0.426557);
    ambient=(0.500000,0.500000,0.500000);
}
})))
transform(
    (-0.555295,0.464560,-0.689805,-3.026546),
    (-0.680743,-0.730369,0.056120,2.012466),
     (-0.477741,0.500744,0.721817,-40.500000),
    (0.000000,0.000000,0.000000,1.000000),
scale(1.000000,1.000000,1.000000,translate(0.5,0.5,0.5,box {
material={
    diffuse=(0.000000,0.582049,0.821680);
    ambient=(0.500000,0.500000,0.500000);
}
})))
transform(
    (-0.790239,0.412589,-0.453093,-3.460430),
    (-0.606972,-0.628722,0.486101,-1.111497),
     (-0.084310,0.659150,0.747270,-40.500000),
    (0.000000,0.000000,0.000000,1.000000),
scale(1.000000,1.000000,1.000000,translate(0.5,0.5,0.5,box {
material={
    diffuse=(0.000000,0.503922,0.155553);
    ambient=(0.500000,0.500000,0.500000);
}
})))
transform(
    (0.535427,0.819704,-0.203478,-1.288539),
    (-0.803544,0.420220,-0.421582,-3.398480),
     (-0.260067,0.389230,0.883666,-40.500000),
    (0.000000,0.000000,0.000000,1.000000),
scale(1.000000,1.000000,1.000000,translate(0.5,0.5,0.5,box {
material={
    diffuse=(0.000000,0.755852,0.682241);
    ambient=(0.500000,0.500000,0.500000);
}
})))
transform(
    (0.639542,0.765868,0.066577,0.324738),
    (-0.716569,0.625251,-0.309176,-3.669747),
     (-0.278416,0.150024,0.948671,-35.500000),
    (0.000000,0.000000,0.000000,1.000000),
scale(1.000000,1.000000,1.000000,translate(0.5,0.5,0.5,box {
material={
    diffuse=(0.000000,0.035096,0.834681);
    ambient=(0.500000,0.500000,0.500000);
}
})))
transform(
    (0.932117,0.353901,0.076886,3.071594),
    (-0.344473,0.931922,-0.113402,-2.034160),
     (-0.111785,0.079219,0.990570,-35.500000),
    (0.000000,0.000000,0.000000,1.000000),
scale(1.000000,1.000000,1.000000,translate(0.5,0.5,0.5,box {
material={
    diffuse=(0.000000,0.921384,0.949339);
    ambient=(0.500000,0.500000,0.500000);
}
})))
transform(
    (0.618027,-0.678589,0.396938,3.505478),
    (0.767185,0.630843,-0.116034,1.133191),
     (-0.171666,0.376237,0.910482,-35.500000),
    (0.000000,0.000000,0.000000,1.000000),
scale(1.000000,1.000000,1.000000,translate(0.5,0.5,0.5,box {
material={
    diffuse=(0.000000,0.316874,0.846980);
    ambient=(0.500000,0.500000,0.500000);
}
})))
transform(
    (0.015229,-0.912238,0.409377,1.299665),
    (0.997350,0.042992,0.058698,3.447227),
     (-0.071147,0.407398,0.910475,-35.500000),
    (0.000000,0.000000,0.000000,1.000000),
scale(1.000000,1.000000,1.000000,translate(0.5,0.5,0.5,box {
material={
    diffuse=(0.000000,0.567278,0.739189);
    ambient=(0.500000,0.500000,0.500000);
}
})))
transform(
    (-0.717728,-0.693642,0.061059,-1.884822),
    (0.593833,-0.563936,0.573881,3.165430),
     (-0.363634,0.448149,0.816659,-35.500000),
    (0.000000,0.000000,0.000000,1.000000),
scale(1.000000,1.000000,1.000000,translate(0.5,0.5,0.5,box {
material={
    diffuse=(0.000000,0.890164,0.500900);
    ambient=(0.500000,0.500000,0.500000);
}
})))
transform(
    (-0.997637,0.000537,-0.068704,-3.650000),
    (-0.003255,-0.999216,0.039465,0.500000),
     (-0.068629,0.039595,0.996856,-35.500000),
    (0.000000,0.000000,0.000000,1.000000),
scale(1.000000,1.000000,1.000000,translate(0.5,0.5,0.5,box {
material={
    diffuse=(0.000000,0.194067,0.531327);
    ambient=(0.500000,0.500000,0.500000);
}
})))
transform(
    (-0.429345,0.875638,-0.221181,-2.666653),
    (-0.892634,-0.448676,-0.043534,-2.541941),
     (-0.137359,0.178743,0.974261,-35.500000),
    (0.000000,0.000000,0.000000,1.000000),
scale(1.000000,1.000000,1.000000,translate(0.5,0.5,0.5,box {
material={
    diffuse=(0.000000,0.123325,0.842158);
    ambient=(0.500000,0.500000,0.500000);
}
})))
transform(
    (0.391937,0.785972,-0.478156,-1.310791),
    (-0.322774,-0.369224,-0.871487,-3.495972),
     (-0.861512,0.495904,0.108979,-30.500000),
    (0.000000,0.000000,0.000000,1.000000),
scale(1.000000,1.000000,1.000000,translate(0.5,0.5,0.5,box {
material={
    diffuse=(0.000000,0.336314,0.286081);
    ambient=(0.500000,0.500000,0.500000);
}
})))
transform(
    (0.769545,0.632451,-0.088350,1.915996),
    (-0.348643,0.300184,-0.887884,-3.204521),
     (-0.535022,0.714070,0.451504,-30.500000),
    (0.000000,0.000000,0.000000,1.000000),
scale(1.000000,1.000000,1.000000,translate(0.5,0.5,0.5,box {
material={
    diffuse=(0.000000,0.747215,0.600238);
    ambient=(0.500000,0.500000,0.500000);
}
})))
transform(
    (0.995412,-0.083053,0.047508,3.699999),
    (0.083078,0.996542,0.001445,-0.500000),
     (-0.047464,0.002508,0.998870,-30.500000),
    (0.000000,0.000000,0.000000,1.000000),
scale(1.000000,1.000000,1.000000,translate(0.5,0.5,0.5,box {
material={
    diffuse=(0.000000,0.852626,0.806238);
    ambient=(0.500000,0.500000,0.500000);
}
})))
transform(
    (0.617320,-0.786488,0.018766,2.697828),
    (0.786701,0.617263,-0.009374,2.581032),
     (-0.004211,0.020550,0.999780,-30.500000),
    (0.000000,0.000000,0.000000,1.000000),
scale(1.000000,1.000000,1.000000,translate(0.5,0.5,0.5,box {
material={
    diffuse=(0.000000,0.454512,0.113773);
    ambient=(0.500000,0.500000,0.500000);
}
})))
transform(
    (-0.296774,-0.954312,0.034839,-0.335863),
    (0.952610,-0.293299,0.080685,3.718493),
     (-0.066781,0.057134,0.996131,-30.500000),
    (0.000000,0.000000,0.000000,1.000000),
scale(1.000000,1.000000,1.000000,translate(0.5,0.5,0.5,box {
material={
    diffuse=(0.000000,0.201941,0.436720);
    ambient=(0.500000,0.500000,0.500000);
}
})))
transform(
    (-0.985003,-0.161422,-0.060919,-3.116642),
    (0.145605,-0.967142,0.208414,2.055854),
     (-0.092560,0.196419,0.976142,-30.500000),
    (0.000000,0.000000,0.000000,1.000000),
scale(1.000000,1.000000,1.000000,translate(0.5,0.5,0.5,box {
material={
    diffuse=(0.000000,0.532579,0.577868);
    ambient=(0.500000,0.500000,0.500000);
}
})))
transform(
    (0.008532,0.627418,-0.778636,-3.550526),
    (-0.968820,0.198006,0.148936,-1.154886),
     (0.247620,0.753087,0.609544,-30.500000),
    (0.000000,0.000000,0.000000,1.000000),
scale(1.000000,1.000000,1.000000,translate(0.5,0.5,0.5,box {
material={
    diffuse=(0.000000,0.924802,0.695761);
    ambient=(0.500000,0.500000,0.500000);
}
})))
transform(
    (0.492887,0.563845,-0.662678,-2.729002),
    (-0.626137,-0.298991,-0.720108,-2.620123),
     (-0.604164,0.769859,0.205675,-25.500000),
    (0.000000,0.000000,0.000000,1.000000),
scale(1.000000,1.000000,1.000000,translate(0.5,0.5,0.5,box {
material={
    diffuse=(0.000000,0.998016,0.457442);
    ambient=(0.500000,0.500000,0.500000);
}
})))
transform(
    (0.299313,0.950724,0.080846,0.346989),
    (-0.729416,0.282613,-0.622962,-3.767240),
     (-0.615114,0.127490,0.778063,-25.500000),
    (0.000000,0.000000,0.000000,1.000000),
scale(1.000000,1.000000,1.000000,translate(0.5,0.5,0.5,box {
material={
    diffuse=(0.000000,0.048433,0.931516);
    ambient=(0.500000,0.500000,0.500000);
}
})))
transform(
    (0.746577,-0.558814,0.361040,3.161691),
    (0.650380,0.727298,-0.219186,-2.077548),
     (-0.140100,0.398452,0.906426,-25.500000),
    (0.000000,0.000000,0.000000,1.000000),
scale(1.000000,1.000000,1.000000,translate(0.5,0.5,0.5,box {
material={
    diffuse=(0.000000,0.201972,0.410718);
    ambient=(0.500000,0.500000,0.500000);
}
})))
transform(
    (0.501582,-0.684848,0.528582,3.595575),
    (0.797151,0.603255,0.025166,1.176580),
     (-0.336105,0.408737,0.848509,-25.500000),
    (0.000000,0.000000,0.000000,1.000000),
scale(1.000000,1.000000,1.000000,translate(0.5,0.5,0.5,box {
material={
    diffuse=(0.000000,0.634724,0.597827);
    ambient=(0.500000,0.500000,0.500000);
}
})))
transform(
    (-0.599773,-0.718429,0.352324,1.321918),
    (0.699752,-0.257364,0.666416,3.544719),
     (-0.388096,0.646238,0.657083,-25.500000),
    (0.000000,0.000000,0.000000,1.000000),
scale(1.000000,1.000000,1.000000,translate(0.5,0.5,0.5,box {
material={
    diffuse=(0.000000,0.375134,0.565752);
    ambient=(0.500000,0.500000,0.500000);
}
})))
transform(
    (-0.735998,-0.649567,-0.190709,-1.947170),
    (-0.018423,-0.262382,0.964788,3.243613),
     (-0.676733,0.713595,0.181145,-25.500000),
    (0.000000,0.000000,0.000000,1.000000),
scale(1.000000,1.000000,1.000000,translate(0.5,0.5,0.5,box {
material={
    diffuse=(0.000000,0.188940,0.242866);
    ambient=(0.500000,0.500000,0.500000);
}
})))
transform(
    (-0.894010,0.239252,-0.378821,-3.750000),
    (-0.340661,-0.912156,0.227864,0.499999),
     (-0.291027,0.332762,0.896980,-25.500000),
    (0.000000,0.000000,0.000000,1.000000),
scale(1.000000,1.000000,1.000000,translate(0.5,0.5,0.5,box {
material={
    diffuse=(0.000000,0.080386,0.494461);
    ambient=(0.500000,0.500000,0.500000);
}
})))
transform(
    (-0.245860,0.645266,-0.723315,-3.640624),
    (-0.926180,-0.376493,-0.021051,-1.198274),
     (-0.285907,0.664745,0.690197,-20.500000),
    (0.000000,0.000000,0.000000,1.000000),
scale(1.000000,1.000000,1.000000,translate(0.5,0.5,0.5,box {
material={
    diffuse=(0.000000,0.149113,0.804529);
    ambient=(0.500000,0.500000,0.500000);
}
})))
transform(
    (0.338989,0.756411,-0.559400,-1.333044),
    (-0.852726,-0.004142,-0.522343,-3.593465),
     (-0.397423,0.654083,0.643607,-20.500000),
    (0.000000,0.000000,0.000000,1.000000),
scale(1.000000,1.000000,1.000000,translate(0.5,0.5,0.5,box {
material={
    diffuse=(0.000000,0.043214,0.727683);
    ambient=(0.500000,0.500000,0.500000);
}
})))
transform(
    (0.798338,0.458220,0.390756,1.978345),
    (-0.195968,0.811228,-0.550913,-3.282704),
     (-0.569432,0.363240,0.737431,-20.500000),
    (0.000000,0.000000,0.000000,1.000000),
scale(1.000000,1.000000,1.000000,translate(0.5,0.5,0.5,box {
material={
    diffuse=(0.000000,0.173925,0.305826);
    ambient=(0.500000,0.500000,0.500000);
}
})))
transform(
    (0.686793,0.220260,0.692677,3.800000),
    (0.383881,0.699312,-0.602990,-0.500000),
     (-0.617212,0.680035,0.395729,-20.500000),
    (0.000000,0.000000,0.000000,1.000000),
scale(1.000000,1.000000,1.000000,translate(0.5,0.5,0.5,box {
material={
    diffuse=(0.000000,0.326914,0.154881);
    ambient=(0.500000,0.500000,0.500000);
}
})))
transform(
    (0.453538,-0.246808,0.856381,2.760177),
    (0.890845,0.154017,-0.427403,2.659214),
     (-0.026411,0.956747,0.289720,-20.500000),
    (0.000000,0.000000,0.000000,1.000000),
scale(1.000000,1.000000,1.000000,translate(0.5,0.5,0.5,box {
material={
    diffuse=(0.000000,0.448256,0.545091);
    ambient=(0.500000,0.500000,0.500000);
}
})))
transform(
    (-0.681947,-0.667691,0.298560,-0.358115),
    (0.706487,-0.495702,0.505129,3.815986),
     (-0.189273,0.555400,0.809757,-20.500000),
    (0.000000,0.000000,0.000000,1.000000),
scale(1.000000,1.000000,1.000000,translate(0.5,0.5,0.5,box {
material={
    diffuse=(0.000000,0.323038,0.152654);
    ambient=(0.500000,0.500000,0.500000);
}
})))
transform(
    (-0.849067,0.353167,-0.392884,-3.206740),
    (-0.503980,-0.318515,0.802841,2.099242),
     (0.158397,0.879671,0.448429,-20.500000),
    (0.000000,0.000000,0.000000,1.000000),
scale(1.000000,1.000000,1.000000,translate(0.5,0.5,0.5,box {
material={
    diffuse=(0.000000,0.725028,0.873348);
    ambient=(0.500000,0.500000,0.500000);
}
})))
transform(
    (-0.994760,0.030328,-0.097636,-3.849999),
    (-0.031611,-0.999433,0.011619,0.500000),
     (-0.097228,0.014645,0.995154,-15.500000),
    (0.000000,0.000000,0.000000,1.000000),
scale(1.000000,1.000000,1.000000,translate(0.5,0.5,0.5,box {
material={
    diffuse=(0.000000,0.524583,0.784967);
    ambient=(0.500000,0.500000,0.500000);
}
})))
transform(
    (0.322170,0.899173,-0.296132,-2.791351),
    (-0.509366,-0.099025,-0.854833,-2.698306),
     (-0.797968,0.426241,0.426106,-15.500000),
    (0.000000,0.000000,0.000000,1.000000),
scale(1.000000,1.000000,1.000000,translate(0.5,0.5,0.5,box {
material={
    diffuse=(0.000000,0.322123,0.653859);
    ambient=(0.500000,0.500000,0.500000);
}
})))
transform(
    (0.319277,0.945299,-0.066871,0.369241),
    (-0.865057,0.261906,-0.427879,-3.864732),
     (-0.386960,0.194459,0.901359,-15.500000),
    (0.000000,0.000000,0.000000,1.000000),
scale(1.000000,1.000000,1.000000,translate(0.5,0.5,0.5,box {
material={
    diffuse=(0.000000,0.551164,0.919980);
    ambient=(0.500000,0.500000,0.500000);
}
})))
transform(
    (0.999568,-0.028623,0.006653,3.251788),
    (0.029140,0.936231,-0.350174,-2.120936),
     (0.003794,0.350217,0.936661,-15.500000),
    (0.000000,0.000000,0.000000,1.000000),
scale(1.000000,1.000000,1.000000,translate(0.5,0.5,0.5,box {
material={
    diffuse=(0.000000,0.793359,0.496811);
    ambient=(0.500000,0.500000,0.500000);
}
})))
transform(
    (0.546394,-0.588901,0.595525,3.685672),
    (0.819843,0.521429,-0.236576,1.219967),
     (-0.171204,0.617501,0.767712,-15.500000),
    (0.000000,0.000000,0.000000,1.000000),
scale(1.000000,1.000000,1.000000,translate(0.5,0.5,0.5,box {
material={
    diffuse=(0.000000,0.395184,0.606281);
    ambient=(0.500000,0.500000,0.500000);
}
})))
transform(
    (0.059449,-0.954188,0.293241,1.344170),
    (0.567853,0.273925,0.776214,3.642211),
     (-0.820980,0.120373,0.558124,-15.500000),
    (0.000000,0.000000,0.000000,1.000000),
scale(1.000000,1.000000,1.000000,translate(0.5,0.5,0.5,box {
material={
    diffuse=(0.000000,0.491501,0.863247);
    ambient=(0.500000,0.500000,0.500000);
}
})))
transform(
    (-0.939493,-0.026420,-0.341547,-2.009521),
    (-0.195923,-0.776421,0.598986,3.321795),
     (-0.281009,0.629660,0.724267,-15.500000),
    (0.000000,0.000000,0.000000,1.000000),
scale(1.000000,1.000000,1.000000,translate(0.5,0.5,0.5,box {
material={
    diffuse=(0.000000,0.357097,0.552812);
    ambient=(0.500000,0.500000,0.500000);
}
})))
transform(
    (-0.957751,0.016954,-0.287097,-3.296836),
    (-0.061953,-0.986986,0.148390,2.142631),
     (-0.280845,0.159907,0.946338,-10.500000),
    (0.000000,0.000000,0.000000,1.000000),
scale(1.000000,1.000000,1.000000,translate(0.5,0.5,0.5,box {
material={
    diffuse=(0.000000,0.743278,0.131626);
    ambient=(0.500000,0.500000,0.500000);
}
})))
transform(
    (-0.601351,0.767205,-0.223099,-3.730720),
    (-0.753735,-0.637365,-0.160152,-1.241662),
     (-0.265065,0.071850,0.961550,-10.500000),
    (0.000000,0.000000,0.000000,1.000000),
scale(1.000000,1.000000,1.000000,translate(0.5,0.5,0.5,box {
material={
    diffuse=(0.000000,0.639210,0.055910);
    ambient=(0.500000,0.500000,0.500000);
}
})))
transform(
    (0.104152,0.744140,-0.659854,-1.355296),
    (-0.841832,-0.287328,-0.456905,-3.690958),
     (-0.529596,0.603074,0.596515,-10.500000),
    (0.000000,0.000000,0.000000,1.000000),
scale(1.000000,1.000000,1.000000,translate(0.5,0.5,0.5,box {
material={
    diffuse=(0.000000,0.853969,0.721641);
    ambient=(0.500000,0.500000,0.500000);
}
})))
transform(
    (0.686913,0.489203,-0.537430,2.040695),
    (-0.713852,0.315540,-0.625180,-3.360887),
     (-0.136259,0.813089,0.565967,-10.500000),
    (0.000000,0.000000,0.000000,1.000000),
scale(1.000000,1.000000,1.000000,translate(0.5,0.5,0.5,box {
material={
    diffuse=(0.000000,0.065950,0.217566);
    ambient=(0.500000,0.500000,0.500000);
}
})))
transform(
    (0.903574,-0.062054,0.423914,3.899999),
    (0.160227,0.966599,-0.200032,-0.500000),
     (-0.397342,0.248667,0.883337,-10.500000),
    (0.000000,0.000000,0.000000,1.000000),
scale(1.000000,1.000000,1.000000,translate(0.5,0.5,0.5,box {
material={
    diffuse=(0.000000,0.661000,0.367565);
    ambient=(0.500000,0.500000,0.500000);
}
})))
transform(
    (-0.095425,-0.841501,0.531761,2.822526),
    (0.905925,0.147977,0.396740,2.737397),
     (-0.412546,0.519594,0.748216,-10.500000),
    (0.000000,0.000000,0.000000,1.000000),
scale(1.000000,1.000000,1.000000,translate(0.5,0.5,0.5,box {
material={
    diffuse=(0.000000,0.900601,0.798181);
    ambient=(0.500000,0.500000,0.500000);
}
})))
transform(
    (-0.315287,-0.942042,0.114678,-0.380369),
    (0.895819,-0.255555,0.363592,3.913479),
     (-0.313213,0.217367,0.924473,-10.500000),
    (0.000000,0.000000,0.000000,1.000000),
scale(1.000000,1.000000,1.000000,translate(0.5,0.5,0.5,box {
material={
    diffuse=(0.000000,0.855190,0.136540);
    ambient=(0.500000,0.500000,0.500000);
}
})))
transform(
    (-0.672470,-0.732536,0.105708,-2.071869),
    (0.691395,-0.570787,0.442917,3.399979),
     (-0.264116,0.370935,0.890309,-5.500000),
    (0.000000,0.000000,0.000000,1.000000),
scale(1.000000,1.000000,1.000000,translate(0.5,0.5,0.5,box {
material={
    diffuse=(0.000000,0.225562,0.548051);
    ambient=(0.500000,0.500000,0.500000);
}
})))
transform(
    (-0.996805,0.072289,-0.033978,-3.949999),
    (-0.077521,-0.978054,0.193391,0.500000),
     (-0.019253,0.195407,0.980533,-5.500000),
    (0.000000,0.000000,0.000000,1.000000),
scale(1.000000,1.000000,1.000000,translate(0.5,0.5,0.5,box {
material={
    diffuse=(0.000000,0.788110,0.284249);
    ambient=(0.500000,0.500000,0.500000);
}
})))
transform(
    (0.080098,0.797313,-0.598228,-2.853700),
    (-0.945157,-0.129897,-0.299675,-2.776489),
     (-0.316642,0.589423,0.743181,-5.500000),
    (0.000000,0.000000,0.000000,1.000000),
scale(1.000000,1.000000,1.000000,translate(0.5,0.5,0.5,box {
material={
    diffuse=(0.000000,0.856655,0.361126);
    ambient=(0.500000,0.500000,0.500000);
}
})))
transform(
    (0.316185,0.948684,0.005138,0.391494),
    (-0.880564,0.295488,-0.370532,-3.962225),
     (-0.353036,0.112632,0.928805,-5.500000),
    (0.000000,0.000000,0.000000,1.000000),
scale(1.000000,1.000000,1.000000,translate(0.5,0.5,0.5,box {
material={
    diffuse=(0.000000,0.984832,0.542405);
    ambient=(0.500000,0.500000,0.500000);
}
})))
transform(
    (0.935712,0.314975,-0.158852,3.341884),
    (-0.345056,0.723596,-0.597783,-2.164325),
     (-0.073342,0.614165,0.785762,-5.500000),
    (0.000000,0.000000,0.000000,1.000000),
scale(1.000000,1.000000,1.000000,translate(0.5,0.5,0.5,box {
material={
    diffuse=(0.000000,0.258797,0.094668);
    ambient=(0.500000,0.500000,0.500000);
}
})))
transform(
    (0.802786,-0.593459,0.057802,3.775768),
    (0.594504,0.804091,-0.001110,1.263356),
     (-0.045819,0.035254,0.998327,-5.500000),
    (0.000000,0.000000,0.000000,1.000000),
scale(1.000000,1.000000,1.000000,translate(0.5,0.5,0.5,box {
material={
    diffuse=(0.000000,0.080111,0.931639);
    ambient=(0.500000,0.500000,0.500000);
}
})))
transform(
    (-0.059062,-0.152823,0.986487,1.366421),
    (0.996830,0.043742,0.066457,3.739704),
     (-0.053307,0.987285,0.149755,-5.500000),
    (0.000000,0.000000,0.000000,1.000000),
scale(1.000000,1.000000,1.000000,translate(0.5,0.5,0.5,box {
material={
    diffuse=(0.000000,0.432783,0.398602);
    ambient=(0.500000,0.500000,0.500000);
}
})))
transform(
    (-0.906860,-0.404469,-0.118358,-0.402620),
    (0.162217,-0.594228,0.787768,4.010971),
     (-0.388960,0.695196,0.604494,-0.500000),
    (0.000000,0.000000,0.000000,1.000000),
scale(1.000000,1.000000,1.000000,translate(0.5,0.5,0.5,box {
material={
    diffuse=(0.000000,0.397687,0.693533);
    ambient=(0.500000,0.500000,0.500000);
}
})))
transform(
    (-0.931286,0.361086,0.048192,-3.386933),
    (-0.047964,-0.252680,0.966360,2.186019),
     (0.361116,0.897647,0.252637,-0.500000),
    (0.000000,0.000000,0.000000,1.000000),
scale(1.000000,1.000000,1.000000,translate(0.5,0.5,0.5,box {
material={
    diffuse=(0.000000,0.241096,0.398694);
    ambient=(0.500000,0.500000,0.500000);
}
})))
transform(
    (-0.167817,0.464260,-0.869655,-3.820817),
    (-0.974881,0.052883,0.216354,-1.285050),
     (0.146435,0.884119,0.443724,-0.500000),
    (0.000000,0.000000,0.000000,1.000000),
scale(1.000000,1.000000,1.000000,translate(0.5,0.5,0.5,box {
material={
    diffuse=(0.000000,0.890225,0.435499);
    ambient=(0.500000,0.500000,0.500000);
}
})))
transform(
    (0.185875,0.718952,-0.669745,-1.377547),
    (-0.580005,-0.469916,-0.665411,-3.788451),
     (-0.793123,0.512139,0.329651,-0.500000),
    (0.000000,0.000000,0.000000,1.000000),
scale(1.000000,1.000000,1.000000,translate(0.5,0.5,0.5,box {
material={
    diffuse=(0.000000,0.142430,0.576678);
    ambient=(0.500000,0.500000,0.500000);
}
})))
transform(
    (0.734808,0.550918,0.395659,2.103043),
    (-0.427236,0.829005,-0.360859,-3.439070),
     (-0.526807,0.096122,0.844532,-0.500000),
    (0.000000,0.000000,0.000000,1.000000),
scale(1.000000,1.000000,1.000000,translate(0.5,0.5,0.5,box {
material={
    diffuse=(0.000000,0.659932,0.082247);
    ambient=(0.500000,0.500000,0.500000);
}
})))
transform(
    (0.739374,-0.606116,0.293172,3.999999),
    (0.643398,0.507732,-0.572928,-0.500000),
     (0.198408,0.612235,0.765378,-0.500000),
    (0.000000,0.000000,0.000000,1.000000),
scale(1.000000,1.000000,1.000000,translate(0.5,0.5,0.5,box {
material={
    diffuse=(0.000000,0.802698,0.691488);
    ambient=(0.500000,0.500000,0.500000);
}
})))
transform(
    (-0.168636,-0.909914,0.378969,2.884874),
    (0.751822,0.129900,0.646444,2.815581),
     (-0.637436,0.393931,0.662188,-0.500000),
    (0.000000,0.000000,0.000000,1.000000),
scale(1.000000,1.000000,1.000000,translate(0.5,0.5,0.5,box {
material={
    diffuse=(0.000000,0.777734,0.727897);
    ambient=(0.500000,0.500000,0.500000);
}
})))
transform(
    (-0.141081,-0.729103,0.669705,1.388673),
    (0.690449,0.412334,0.594357,3.837197),
     (-0.709490,0.546250,0.445237,4.500000),
    (0.000000,0.000000,0.000000,1.000000),
scale(1.000000,1.000000,1.000000,translate(0.5,0.5,0.5,box {
material={
    diffuse=(0.000000,0.551988,0.085452);
    ambient=(0.500000,0.500000,0.500000);
}
})))
transform(
    (-0.778383,-0.626796,0.035318,-2.134218),
    (0.627756,-0.776522,0.054184,3.478162),
     (-0.006537,0.064347,0.997906,4.500000),
    (0.000000,0.000000,0.000000,1.000000),
scale(1.000000,1.000000,1.000000,translate(0.5,0.5,0.5,box {
material={
    diffuse=(0.000000,0.619983,0.981780);
    ambient=(0.500000,0.500000,0.500000);
}
})))
transform(
    (-0.529490,0.080089,-0.844527,-4.049999),
    (-0.420812,-0.889209,0.179509,0.500000),
     (-0.736585,0.450435,0.504530,4.500000),
    (0.000000,0.000000,0.000000,1.000000),
scale(1.000000,1.000000,1.000000,translate(0.5,0.5,0.5,box {
material={
    diffuse=(0.000000,0.155919,0.218635);
    ambient=(0.500000,0.500000,0.500000);
}
})))
transform(
    (-0.587244,0.793281,-0.160774,-2.916049),
    (-0.805596,-0.592090,0.021074,-2.854673),
     (-0.078475,0.141895,0.986766,4.500000),
    (0.000000,0.000000,0.000000,1.000000),
scale(1.000000,1.000000,1.000000,translate(0.5,0.5,0.5,box {
material={
    diffuse=(0.000000,0.441725,0.902646);
    ambient=(0.500000,0.500000,0.500000);
}
})))
transform(
    (0.309785,0.945189,0.103203,0.413745),
    (-0.015399,0.113516,-0.993417,-4.059718),
     (-0.950682,0.306156,0.049721,4.500000),
    (0.000000,0.000000,0.000000,1.000000),
scale(1.000000,1.000000,1.000000,translate(0.5,0.5,0.5,box {
material={
    diffuse=(0.000000,0.870388,0.775872);
    ambient=(0.500000,0.500000,0.500000);
}
})))
transform(
    (0.513782,0.041776,0.856903,3.431982),
    (0.186924,0.969367,-0.159335,-2.207713),
     (-0.837309,0.242039,0.490235,4.500000),
    (0.000000,0.000000,0.000000,1.000000),
scale(1.000000,1.000000,1.000000,translate(0.5,0.5,0.5,box {
material={
    diffuse=(0.000000,0.404706,0.114048);
    ambient=(0.500000,0.500000,0.500000);
}
})))
transform(
    (0.780143,-0.532244,0.328776,3.865865),
    (0.506689,0.845810,0.166944,1.306746),
     (-0.366937,0.036347,0.929535,4.500000),
    (0.000000,0.000000,0.000000,1.000000),
scale(1.000000,1.000000,1.000000,translate(0.5,0.5,0.5,box {
material={
    diffuse=(0.000000,0.247688,0.189276);
    ambient=(0.500000,0.500000,0.500000);
}
})))
transform(
    (-0.004821,-0.130404,0.991449,2.947223),
    (0.886655,0.457905,0.064539,2.893764),
     (-0.462406,0.879385,0.113416,9.500000),
    (0.000000,0.000000,0.000000,1.000000),
scale(1.000000,1.000000,1.000000,translate(0.5,0.5,0.5,box {
material={
    diffuse=(0.000000,0.779656,0.195654);
    ambient=(0.500000,0.500000,0.500000);
}
})))
transform(
    (-0.599139,-0.744095,0.295558,-0.424872),
    (0.761602,-0.415801,0.497062,4.108464),
     (-0.246968,0.522907,0.815828,9.500000),
    (0.000000,0.000000,0.000000,1.000000),
scale(1.000000,1.000000,1.000000,translate(0.5,0.5,0.5,box {
material={
    diffuse=(0.000000,0.664174,0.921293);
    ambient=(0.500000,0.500000,0.500000);
}
})))
transform(
    (-0.883157,-0.387037,-0.265020,-3.477029),
    (0.193255,-0.815020,0.546254,2.229407),
     (-0.427418,0.431212,0.794588,9.500000),
    (0.000000,0.000000,0.000000,1.000000),
scale(1.000000,1.000000,1.000000,translate(0.5,0.5,0.5,box {
material={
    diffuse=(0.000000,0.540574,0.943022);
    ambient=(0.500000,0.500000,0.500000);
}
})))
transform(
    (-0.554476,0.719678,-0.417876,-3.910913),
    (-0.760775,-0.641877,-0.095994,-1.328439),
     (-0.337311,0.264683,0.903418,9.500000),
    (0.000000,0.000000,0.000000,1.000000),
scale(1.000000,1.000000,1.000000,translate(0.5,0.5,0.5,box {
material={
    diffuse=(0.000000,0.036622,0.350261);
    ambient=(0.500000,0.500000,0.500000);
}
})))
transform(
    (0.362664,0.931023,-0.040870,-1.399800),
    (-0.923865,0.353430,-0.146832,-3.885943),
     (-0.122259,0.091009,0.988317,9.500000),
    (0.000000,0.000000,0.000000,1.000000),
scale(1.000000,1.000000,1.000000,translate(0.5,0.5,0.5,box {
material={
    diffuse=(0.000000,0.070925,0.590747);
    ambient=(0.500000,0.500000,0.500000);
}
})))
transform(
    (0.789627,0.516044,-0.331946,2.165392),
    (-0.608007,0.585262,-0.536466,-3.517253),
     (-0.082565,0.625434,0.775897,9.500000),
    (0.000000,0.000000,0.000000,1.000000),
scale(1.000000,1.000000,1.000000,translate(0.5,0.5,0.5,box {
material={
    diffuse=(0.000000,0.697348,0.604297);
    ambient=(0.500000,0.500000,0.500000);
}
})))
transform(
    (0.397929,-0.224681,0.889478,4.099999),
    (0.717437,0.680486,-0.149073,-0.499999),
     (-0.571783,0.697465,0.431980,9.500000),
    (0.000000,0.000000,0.000000,1.000000),
scale(1.000000,1.000000,1.000000,translate(0.5,0.5,0.5,box {
material={
    diffuse=(0.000000,0.199591,0.592212);
    ambient=(0.500000,0.500000,0.500000);
}
})))
transform(
    (-0.293085,-0.654920,0.696548,3.955962),
    (0.844238,0.164660,0.510048,1.350133),
     (-0.448735,0.737541,0.504649,14.500000),
    (0.000000,0.000000,0.000000,1.000000),
scale(1.000000,1.000000,1.000000,translate(0.5,0.5,0.5,box {
material={
    diffuse=(0.000000,0.895718,0.185308);
    ambient=(0.500000,0.500000,0.500000);
}
})))
transform(
    (-0.536672,-0.628765,0.562705,1.410926),
    (0.820989,-0.235120,0.520284,3.934690),
     (-0.194833,0.741197,0.642392,14.500000),
    (0.000000,0.000000,0.000000,1.000000),
scale(1.000000,1.000000,1.000000,translate(0.5,0.5,0.5,box {
material={
    diffuse=(0.000000,0.285562,0.049623);
    ambient=(0.500000,0.500000,0.500000);
}
})))
transform(
    (-0.878552,-0.393988,0.270037,-2.196566),
    (0.416553,-0.355338,0.836790,3.556345),
     (-0.233731,0.847649,0.476300,14.500000),
    (0.000000,0.000000,0.000000,1.000000),
scale(1.000000,1.000000,1.000000,translate(0.5,0.5,0.5,box {
material={
    diffuse=(0.000000,0.896054,0.728446);
    ambient=(0.500000,0.500000,0.500000);
}
})))
transform(
    (-0.968099,0.135912,-0.210502,-4.149999),
    (-0.209171,-0.900895,0.380309,0.499999),
     (-0.137952,0.412208,0.900585,14.500000),
    (0.000000,0.000000,0.000000,1.000000),
scale(1.000000,1.000000,1.000000,translate(0.5,0.5,0.5,box {
material={
    diffuse=(0.000000,0.570574,0.388104);
    ambient=(0.500000,0.500000,0.500000);
}
})))
transform(
    (0.018151,0.536549,-0.843674,-2.978398),
    (-0.877526,-0.395860,-0.270633,-2.932855),
     (-0.479185,0.745258,0.463651,14.500000),
    (0.000000,0.000000,0.000000,1.000000),
scale(1.000000,1.000000,1.000000,translate(0.5,0.5,0.5,box {
material={
    diffuse=(0.000000,0.139317,0.739433);
    ambient=(0.500000,0.500000,0.500000);
}
})))
transform(
    (0.708523,0.247155,-0.660991,0.435998),
    (-0.689085,0.040329,-0.723557,-4.157210),
     (-0.152174,0.968136,0.198885,14.500000),
    (0.000000,0.000000,0.000000,1.000000),
scale(1.000000,1.000000,1.000000,translate(0.5,0.5,0.5,box {
material={
    diffuse=(0.000000,0.517655,0.367840);
    ambient=(0.500000,0.500000,0.500000);
}
})))
transform(
    (0.697523,0.408445,0.588756,3.522079),
    (-0.168621,0.892128,-0.419135,-2.251101),
     (-0.696440,0.193079,0.691153,14.500000),
    (0.000000,0.000000,0.000000,1.000000),
scale(1.000000,1.000000,1.000000,translate(0.5,0.5,0.5,box {
material={
    diffuse=(0.000000,0.438520,0.654836);
    ambient=(0.500000,0.500000,0.500000);
}
})))
transform(
    (0.993016,-0.116865,0.016176,4.199998),
    (0.117074,0.993043,-0.012631,-0.500000),
     (-0.014587,0.014436,0.999789,19.500000),
    (0.000000,0.000000,0.000000,1.000000),
scale(1.000000,1.000000,1.000000,translate(0.5,0.5,0.5,box {
material={
    diffuse=(0.000000,0.355083,0.027802);
    ambient=(0.500000,0.500000,0.500000);
}
})))
transform(
    (0.307097,-0.878422,0.366150,3.009572),
    (0.803988,0.445330,0.394060,2.971946),
     (-0.509209,0.173366,0.843001,19.500000),
    (0.000000,0.000000,0.000000,1.000000),
scale(1.000000,1.000000,1.000000,translate(0.5,0.5,0.5,box {
material={
    diffuse=(0.000000,0.675741,0.067843);
    ambient=(0.500000,0.500000,0.500000);
}
})))
transform(
    (-0.794858,-0.452178,0.404643,-0.447124),
    (0.604900,-0.643139,0.469540,4.205956),
     (0.047926,0.617986,0.784727,19.500000),
    (0.000000,0.000000,0.000000,1.000000),
scale(1.000000,1.000000,1.000000,translate(0.5,0.5,0.5,box {
material={
    diffuse=(0.000000,0.543992,0.654897);
    ambient=(0.500000,0.500000,0.500000);
}
})))
transform(
    (-0.155866,-0.334133,-0.929548,-3.567126),
    (-0.214045,-0.907265,0.362014,2.272795),
     (-0.964308,0.255391,0.069892,19.500000),
    (0.000000,0.000000,0.000000,1.000000),
scale(1.000000,1.000000,1.000000,translate(0.5,0.5,0.5,box {
material={
    diffuse=(0.000000,0.969970,0.464034);
    ambient=(0.500000,0.500000,0.500000);
}
})))
transform(
    (-0.279564,0.630622,-0.723989,-4.001010),
    (-0.937215,-0.342988,0.063144,-1.371826),
     (-0.208500,0.696186,0.686916,19.500000),
    (0.000000,0.000000,0.000000,1.000000),
scale(1.000000,1.000000,1.000000,translate(0.5,0.5,0.5,box {
material={
    diffuse=(0.000000,0.388623,0.372112);
    ambient=(0.500000,0.500000,0.500000);
}
})))
transform(
    (-0.215054,0.975802,-0.039516,-1.422052),
    (-0.972150,-0.217758,-0.086636,-3.983435),
     (-0.093145,0.019784,0.995456,19.500000),
    (0.000000,0.000000,0.000000,1.000000),
scale(1.000000,1.000000,1.000000,translate(0.5,0.5,0.5,box {
material={
    diffuse=(0.000000,0.784478,0.310556);
    ambient=(0.500000,0.500000,0.500000);
}
})))
transform(
    (0.627355,0.778723,-0.004106,2.227742),
    (-0.778698,0.627267,-0.012869,-3.595436),
     (-0.007446,0.011271,0.999909,19.500000),
    (0.000000,0.000000,0.000000,1.000000),
scale(1.000000,1.000000,1.000000,translate(0.5,0.5,0.5,box {
material={
    diffuse=(0.000000,0.507859,0.439863);
    ambient=(0.500000,0.500000,0.500000);
}
})))
transform(
    (0.936000,0.168467,0.309068,3.612175),
    (-0.071342,0.950603,-0.302099,-2.294489),
     (-0.344695,0.260715,0.901783,24.500000),
    (0.000000,0.000000,0.000000,1.000000),
scale(1.000000,1.000000,1.000000,translate(0.5,0.5,0.5,box {
material={
    diffuse=(0.000000,0.942320,0.842647);
    ambient=(0.500000,0.500000,0.500000);
}
})))
transform(
    (0.388094,-0.745260,0.542191,4.046059),
    (0.656995,0.636293,0.404337,1.393521),
     (-0.646329,0.199296,0.736573,24.500000),
    (0.000000,0.000000,0.000000,1.000000),
scale(1.000000,1.000000,1.000000,translate(0.5,0.5,0.5,box {
material={
    diffuse=(0.000000,0.386761,0.863552);
    ambient=(0.500000,0.500000,0.500000);
}
})))
transform(
    (-0.475716,-0.879153,-0.027987,1.433178),
    (0.696768,-0.396064,0.598035,4.032182),
     (-0.536850,0.264995,0.800981,24.500000),
    (0.000000,0.000000,0.000000,1.000000),
scale(1.000000,1.000000,1.000000,translate(0.5,0.5,0.5,box {
material={
    diffuse=(0.000000,0.018616,0.391186);
    ambient=(0.500000,0.500000,0.500000);
}
})))
transform(
    (-0.815773,-0.444989,0.369457,-2.258916),
    (0.374031,0.081341,0.923842,3.634527),
     (-0.441152,0.891834,0.100084,24.500000),
    (0.000000,0.000000,0.000000,1.000000),
scale(1.000000,1.000000,1.000000,translate(0.5,0.5,0.5,box {
material={
    diffuse=(0.000000,0.727287,0.401898);
    ambient=(0.500000,0.500000,0.500000);
}
})))
transform(
    (-0.776427,0.207969,-0.594902,-4.249998),
    (-0.515927,-0.751863,0.410514,0.500000),
     (-0.361911,0.625661,0.691064,24.500000),
    (0.000000,0.000000,0.000000,1.000000),
scale(1.000000,1.000000,1.000000,translate(0.5,0.5,0.5,box {
material={
    diffuse=(0.000000,0.079012,0.595019);
    ambient=(0.500000,0.500000,0.500000);
}
})))
transform(
    (0.077831,0.830963,-0.550856,-3.040746),
    (-0.980295,-0.036837,-0.194075,-3.011038),
     (-0.181561,0.555107,0.811722,24.500000),
    (0.000000,0.000000,0.000000,1.000000),
scale(1.000000,1.000000,1.000000,translate(0.5,0.5,0.5,box {
material={
    diffuse=(0.000000,0.816065,0.569201);
    ambient=(0.500000,0.500000,0.500000);
}
})))
transform(
    (0.557637,0.827093,0.070407,0.458251),
    (-0.809355,0.560589,-0.175169,-4.254703),
     (-0.184351,0.040697,0.982018,24.500000),
    (0.000000,0.000000,0.000000,1.000000),
scale(1.000000,1.000000,1.000000,translate(0.5,0.5,0.5,box {
material={
    diffuse=(0.000000,0.232093,0.341563);
    ambient=(0.500000,0.500000,0.500000);
}
