SBT-raytracer 1.0

camera { fov=30; }

directional_light { direction=(-1,-1,-1); colour=(1,1,1); }

material={
	    ambient=(0.500000,0.500000,0.500000);
	    specular=(1.000000,1.000000,1.000000);
	    shininess=0.50
}


transform(
    (0.819152,-0.573576,0.000000,0.000000),
    (0.099600,0.142244,0.984808,-8.000000),
     (-0.564863,-0.806707,0.173648,-35.000000),
    (0.000000,0.000000,0.000000,1.000000),
scale(2.000000,1.000000,1.000000,sphere {
material={
    diffuse=(0.000000,0.300000,0.800000);
	shininess=0.78
}
}))
transform(
    (-0.999848,-0.017452,0.000000,0.000000),
    (0.003031,-0.173622,0.984808,-8.000000),
     (-0.017187,0.984658,0.173648,-35.000000),
    (0.000000,0.000000,0.000000,1.000000),
cone { height=2.000000; bottom_radius=0.250000; top_radius=0.250000;
material={
    diffuse=(0.500000,0.500000,0.500000);
}
})
transform(
    (-0.999848,-0.017452,0.000000,0.000000),
    (0.003031,-0.173622,0.984808,-6.030385),
     (-0.017187,0.984658,0.173648,-34.652702),
    (0.000000,0.000000,0.000000,1.000000),
scale(0.300000,0.300000,0.300000,sphere {
material={
    diffuse=(0.000000,0.300000,0.800000);
}
}))
transform(
    (-0.999391,0.033863,0.008443,0.000000),
    (-0.006060,-0.406634,0.913571,-6.030385),
     (0.034369,0.912963,0.406591,-34.652702),
    (0.000000,0.000000,0.000000,1.000000),
cone { height=1.900000; bottom_radius=0.250000; top_radius=0.250000;
material={
    diffuse=(0.500000,0.500000,0.500000);
}
})
transform(
    (-0.999391,0.033863,0.008443,0.016042),
    (-0.006060,-0.406634,0.913571,-4.294600),
     (0.034369,0.912963,0.406591,-33.880180),
    (0.000000,0.000000,0.000000,1.000000),
scale(0.300000,0.300000,0.300000,sphere {
material={
    diffuse=(0.000000,0.300000,0.800000);
}
}))
transform(
    (-0.996249,0.081520,0.029027,0.016042),
    (-0.027334,-0.614720,0.788272,-4.294600),
     (0.082103,0.784522,0.614642,-33.880180),
    (0.000000,0.000000,0.000000,1.000000),
cone { height=1.805000; bottom_radius=0.250000; top_radius=0.250000;
material={
    diffuse=(0.500000,0.500000,0.500000);
}
})
transform(
    (-0.996249,0.081520,0.029027,0.068435),
    (-0.027334,-0.614720,0.788272,-2.871768),
     (0.082103,0.784522,0.614642,-32.770752),
    (0.000000,0.000000,0.000000,1.000000),
scale(0.300000,0.300000,0.300000,sphere {
material={
    diffuse=(0.000000,0.300000,0.800000);
}
}))
transform(
    (-0.990617,0.122559,0.060473,0.068435),
    (-0.059468,-0.784955,0.616693,-2.871768),
     (0.123049,0.607310,0.784878,-32.770752),
    (0.000000,0.000000,0.000000,1.000000),
cone { height=1.714750; bottom_radius=0.250000; top_radius=0.250000;
material={
    diffuse=(0.500000,0.500000,0.500000);
}
})
transform(
    (-0.990617,0.122559,0.060473,0.172130),
    (-0.059468,-0.784955,0.616693,-1.814295),
     (0.123049,0.607310,0.784878,-31.424883),
    (0.000000,0.000000,0.000000,1.000000),
scale(0.300000,0.300000,0.300000,sphere {
material={
    diffuse=(0.000000,0.300000,0.800000);
}
}))
transform(
    (-0.982845,0.154430,0.100828,0.172130),
    (-0.100468,-0.906766,0.409490,-1.814295),
     (0.154665,0.392335,0.906726,-31.424883),
    (0.000000,0.000000,0.000000,1.000000),
cone { height=1.629012; bottom_radius=0.250000; top_radius=0.250000;
material={
    diffuse=(0.500000,0.500000,0.500000);
}
})
transform(
    (-0.982845,0.154430,0.100828,0.336379),
    (-0.100468,-0.906766,0.409490,-1.147231),
     (0.154665,0.392335,0.906726,-29.947815),
    (0.000000,0.000000,0.000000,1.000000),
scale(0.300000,0.300000,0.300000,sphere {
material={
    diffuse=(0.000000,0.300000,0.800000);
}
}))
transform(
    (-0.973416,0.175156,0.147586,0.336379),
    (-0.147787,-0.972588,0.179532,-1.147231),
     (0.174986,0.152948,0.972618,-29.947815),
    (0.000000,0.000000,0.000000,1.000000),
cone { height=1.547562; bottom_radius=0.250000; top_radius=0.250000;
material={
    diffuse=(0.500000,0.500000,0.500000);
}
})
transform(
    (-0.973416,0.175156,0.147586,0.564777),
    (-0.147787,-0.972588,0.179532,-0.869393),
     (0.174986,0.152948,0.972618,-28.442627),
    (0.000000,0.000000,0.000000,1.000000),
scale(0.300000,0.300000,0.300000,sphere {
material={
    diffuse=(0.000000,0.300000,0.800000);
}
}))
transform(
    (-0.962915,0.183447,0.197842,0.564777),
    (-0.198485,-0.978333,-0.058897,-0.869393),
     (0.182751,-0.095982,0.978463,-28.442627),
    (0.000000,0.000000,0.000000,1.000000),
cone { height=1.470184; bottom_radius=0.250000; top_radius=0.250000;
material={
    diffuse=(0.500000,0.500000,0.500000);
}
})
transform(
    (-0.962915,0.183447,0.197842,0.855641),
    (-0.198485,-0.978333,-0.058897,-0.955983),
     (0.182751,-0.095982,0.978463,-27.004107),
    (0.000000,0.000000,0.000000,1.000000),
scale(0.300000,0.300000,0.300000,sphere {
material={
    diffuse=(0.000000,0.300000,0.800000);
}
}))
transform(
    (-0.951995,0.178790,0.248476,0.855641),
    (-0.249415,-0.923643,-0.290990,-0.955983),
     (0.177477,-0.338995,0.923896,-27.004107),
    (0.000000,0.000000,0.000000,1.000000),
cone { height=1.396675; bottom_radius=0.250000; top_radius=0.250000;
material={
    diffuse=(0.500000,0.500000,0.500000);
}
})
transform(
    (-0.951995,0.178790,0.248476,1.202682),
    (-0.249415,-0.923643,-0.290990,-1.362402),
     (0.177477,-0.338995,0.923896,-25.713724),
    (0.000000,0.000000,0.000000,1.000000),
scale(0.300000,0.300000,0.300000,sphere {
material={
    diffuse=(0.000000,0.300000,0.800000);
}
}))
transform(
    (-0.941333,0.161473,0.296343,1.202682),
    (-0.297413,-0.811916,-0.502332,-1.362402),
     (0.159492,-0.560998,0.812308,-25.713724),
    (0.000000,0.000000,0.000000,1.000000),
cone { height=1.326841; bottom_radius=0.250000; top_radius=0.250000;
material={
    diffuse=(0.500000,0.500000,0.500000);
}
})
transform(
    (-0.941333,0.161473,0.296343,1.595881),
    (-0.297413,-0.811916,-0.502332,-2.028917),
     (0.159492,-0.560998,0.812308,-24.635921),
    (0.000000,0.000000,0.000000,1.000000),
scale(0.300000,0.300000,0.300000,sphere {
material={
    diffuse=(0.000000,0.300000,0.800000);
}
}))
transform(
    (-0.931592,0.132572,0.338469,1.595881),
    (-0.339498,-0.650091,-0.679796,-2.028917),
     (0.129913,-0.748202,0.650627,-24.635921),
    (0.000000,0.000000,0.000000,1.000000),
cone { height=1.260499; bottom_radius=0.250000; top_radius=0.250000;
material={
    diffuse=(0.500000,0.500000,0.500000);
}
})
transform(
    (-0.931592,0.132572,0.338469,2.022520),
    (-0.339498,-0.650091,-0.679796,-2.885799),
     (0.129913,-0.748202,0.650627,-23.815805),
    (0.000000,0.000000,0.000000,1.000000),
scale(0.300000,0.300000,0.300000,sphere {
material={
    diffuse=(0.000000,0.300000,0.800000);
}
}))
transform(
    (-0.325568,0.945519,0.000000,0.000000),
    (-0.164188,-0.056534,0.984808,-8.000000),
     (0.931154,0.320622,0.173648,-35.000000),
    (0.000000,0.000000,0.000000,1.000000),
cone { height=2.000000; bottom_radius=0.250000; top_radius=0.250000;
material={
    diffuse=(0.500000,0.500000,0.500000);
}
})
transform(
    (-0.325568,0.945519,0.000000,0.000000),
    (-0.164188,-0.056534,0.984808,-6.030385),
     (0.931154,0.320622,0.173648,-34.652702),
    (0.000000,0.000000,0.000000,1.000000),
scale(0.300000,0.300000,0.300000,sphere {
material={
    diffuse=(0.000000,0.300000,0.800000);
}
}))
transform(
    (-0.275637,0.932708,0.232550,0.000000),
    (-0.166921,-0.284689,0.943975,-6.030385),
     (0.946658,0.221377,0.234160,-34.652702),
    (0.000000,0.000000,0.000000,1.000000),
cone { height=1.900000; bottom_radius=0.250000; top_radius=0.250000;
material={
    diffuse=(0.500000,0.500000,0.500000);
}
})
transform(
    (-0.275637,0.932708,0.232550,0.441846),
    (-0.166921,-0.284689,0.943975,-4.236831),
     (0.946658,0.221377,0.234160,-34.207798),
    (0.000000,0.000000,0.000000,1.000000),
scale(0.300000,0.300000,0.300000,sphere {
material={
    diffuse=(0.000000,0.300000,0.800000);
}
}))
transform(
    (-0.226445,0.861501,0.454466,0.441846),
    (-0.181592,-0.495745,0.849271,-4.236831),
     (0.956947,0.109786,0.268701,-34.207798),
    (0.000000,0.000000,0.000000,1.000000),
cone { height=1.805000; bottom_radius=0.250000; top_radius=0.250000;
material={
    diffuse=(0.500000,0.500000,0.500000);
}
})
transform(
    (-0.226445,0.861501,0.454466,1.262156),
    (-0.181592,-0.495745,0.849271,-2.703897),
     (0.956947,0.109786,0.268701,-33.722794),
    (0.000000,0.000000,0.000000,1.000000),
scale(0.300000,0.300000,0.300000,sphere {
material={
    diffuse=(0.000000,0.300000,0.800000);
}
}))
transform(
    (-0.181048,0.736319,0.651963,1.262156),
    (-0.207288,-0.676596,0.706576,-2.703897),
     (0.961381,-0.007221,0.275127,-33.722794),
    (0.000000,0.000000,0.000000,1.000000),
cone { height=1.714750; bottom_radius=0.250000; top_radius=0.250000;
material={
    diffuse=(0.500000,0.500000,0.500000);
}
})
transform(
    (-0.181048,0.736319,0.651963,2.380111),
    (-0.207288,-0.676596,0.706576,-1.492297),
     (0.961381,-0.007221,0.275127,-33.251019),
    (0.000000,0.000000,0.000000,1.000000),
scale(0.300000,0.300000,0.300000,sphere {
material={
    diffuse=(0.000000,0.300000,0.800000);
}
}))
transform(
    (-0.142264,0.564937,0.812777,2.380111),
    (-0.242415,-0.816008,0.524753,-1.492297),
     (0.959686,-0.122376,0.253037,-33.251019),
    (0.000000,0.000000,0.000000,1.000000),
cone { height=1.629012; bottom_radius=0.250000; top_radius=0.250000;
material={
    diffuse=(0.500000,0.500000,0.500000);
}
})
transform(
    (-0.142264,0.564937,0.812777,3.704135),
    (-0.242415,-0.816008,0.524753,-0.637468),
     (0.959686,-0.122376,0.253037,-32.838818),
    (0.000000,0.000000,0.000000,1.000000),
scale(0.300000,0.300000,0.300000,sphere {
material={
    diffuse=(0.000000,0.300000,0.800000);
}
}))
transform(
    (-0.112502,0.358001,0.926919,3.704135),
    (-0.284789,-0.905323,0.315095,-0.637468),
     (0.951966,-0.228528,0.203805,-32.838818),
    (0.000000,0.000000,0.000000,1.000000),
cone { height=1.547562; bottom_radius=0.250000; top_radius=0.250000;
material={
    diffuse=(0.500000,0.500000,0.500000);
}
})
transform(
    (-0.112502,0.358001,0.926919,5.138599),
    (-0.284789,-0.905323,0.315095,-0.149839),
     (0.951966,-0.228528,0.203805,-32.523415),
    (0.000000,0.000000,0.000000,1.000000),
scale(0.300000,0.300000,0.300000,sphere {
material={
    diffuse=(0.000000,0.300000,0.800000);
}
}))
transform(
    (-0.093612,0.128362,0.987299,5.138599),
    (-0.331780,-0.938994,0.090624,-0.149839),
     (0.938701,-0.319082,0.130488,-32.523415),
    (0.000000,0.000000,0.000000,1.000000),
cone { height=1.470184; bottom_radius=0.250000; top_radius=0.250000;
material={
    diffuse=(0.500000,0.500000,0.500000);
}
})
transform(
    (-0.093612,0.128362,0.987299,6.590110),
    (-0.331780,-0.938994,0.090624,-0.016606),
     (0.938701,-0.319082,0.130488,-32.331573),
    (0.000000,0.000000,0.000000,1.000000),
scale(0.300000,0.300000,0.300000,sphere {
material={
    diffuse=(0.000000,0.300000,0.800000);
}
}))
transform(
    (-0.086765,-0.109717,0.990169,6.590110),
    (-0.380468,-0.914929,-0.134719,-0.016606),
     (0.920715,-0.388417,0.037640,-32.331573),
    (0.000000,0.000000,0.000000,1.000000),
cone { height=1.396675; bottom_radius=0.250000; top_radius=0.250000;
material={
    diffuse=(0.500000,0.500000,0.500000);
}
})
transform(
    (-0.086765,-0.109717,0.990169,7.973053),
    (-0.380468,-0.914929,-0.134719,-0.204765),
     (0.920715,-0.388417,0.037640,-32.279003),
    (0.000000,0.000000,0.000000,1.000000),
scale(0.300000,0.300000,0.300000,sphere {
material={
    diffuse=(0.000000,0.300000,0.800000);
}
}))
transform(
    (-0.092389,-0.341450,0.935348,7.973053),
    (-0.427830,-0.834622,-0.346938,-0.204765),
     (0.899125,-0.432224,-0.068973,-32.279003),
    (0.000000,0.000000,0.000000,1.000000),
cone { height=1.326841; bottom_radius=0.250000; top_radius=0.250000;
material={
    diffuse=(0.500000,0.500000,0.500000);
}
})
transform(
    (-0.092389,-0.341450,0.935348,9.214111),
    (-0.427830,-0.834622,-0.346938,-0.665097),
     (0.899125,-0.432224,-0.068973,-32.370518),
    (0.000000,0.000000,0.000000,1.000000),
scale(0.300000,0.300000,0.300000,sphere {
material={
    diffuse=(0.000000,0.300000,0.800000);
}
}))
transform(
    (-0.110132,-0.552443,0.826243,9.214111),
    (-0.470925,-0.703063,-0.532853,-0.665097),
     (0.875272,-0.447783,-0.182729,-32.370518),
    (0.000000,0.000000,0.000000,1.000000),
cone { height=1.260499; bottom_radius=0.250000; top_radius=0.250000;
material={
    diffuse=(0.500000,0.500000,0.500000);
}
})
transform(
    (-0.110132,-0.552443,0.826243,10.255589),
    (-0.470925,-0.703063,-0.532853,-1.336757),
     (0.875272,-0.447783,-0.182729,-32.600849),
    (0.000000,0.000000,0.000000,1.000000),
scale(0.300000,0.300000,0.300000,sphere {
material={
    diffuse=(0.000000,0.300000,0.800000);
}
}))
transform(
    (0.798636,0.601815,0.000000,0.000000),
    (-0.104504,0.138682,0.984808,-8.000000),
     (0.592672,-0.786503,0.173648,-35.000000),
    (0.000000,0.000000,0.000000,1.000000),
cone { height=2.000000; bottom_radius=0.250000; top_radius=0.250000;
material={
    diffuse=(0.500000,0.500000,0.500000);
}
})
transform(
    (0.798636,0.601815,0.000000,0.000000),
    (-0.104504,0.138682,0.984808,-6.030385),
     (0.592672,-0.786503,0.173648,-34.652702),
    (0.000000,0.000000,0.000000,1.000000),
scale(0.300000,0.300000,0.300000,sphere {
material={
    diffuse=(0.000000,0.300000,0.800000);
}
}))
transform(
    (0.829038,0.542583,0.135281,0.000000),
    (-0.097103,-0.098562,0.990382,-6.030385),
     (0.550698,-0.834200,-0.029025,-34.652702),
    (0.000000,0.000000,0.000000,1.000000),
cone { height=1.900000; bottom_radius=0.250000; top_radius=0.250000;
material={
    diffuse=(0.500000,0.500000,0.500000);
}
})
transform(
    (0.829038,0.542583,0.135281,0.257034),
    (-0.097103,-0.098562,0.990382,-4.148659),
     (0.550698,-0.834200,-0.029025,-34.707851),
    (0.000000,0.000000,0.000000,1.000000),
scale(0.300000,0.300000,0.300000,sphere {
material={
    diffuse=(0.000000,0.300000,0.800000);
}
}))
transform(
    (0.856298,0.450917,0.251849,0.257034),
    (-0.102128,-0.330167,0.938381,-4.148659),
     (0.506284,-0.829255,-0.236670,-34.707851),
    (0.000000,0.000000,0.000000,1.000000),
cone { height=1.805000; bottom_radius=0.250000; top_radius=0.250000;
material={
    diffuse=(0.500000,0.500000,0.500000);
}
})
transform(
    (0.856298,0.450917,0.251849,0.711621),
    (-0.102128,-0.330167,0.938381,-2.454880),
     (0.506284,-0.829255,-0.236670,-35.135040),
    (0.000000,0.000000,0.000000,1.000000),
scale(0.300000,0.300000,0.300000,sphere {
material={
    diffuse=(0.000000,0.300000,0.800000);
}
}))
transform(
    (0.878724,0.332511,0.342463,0.711621),
    (-0.119268,-0.541750,0.832035,-2.454880),
     (0.462190,-0.771974,-0.436390,-35.135040),
    (0.000000,0.000000,0.000000,1.000000),
cone { height=1.714750; bottom_radius=0.250000; top_radius=0.250000;
material={
    diffuse=(0.500000,0.500000,0.500000);
}
})
transform(
    (0.878724,0.332511,0.342463,1.298859),
    (-0.119268,-0.541750,0.832035,-1.028148),
     (0.462190,-0.771974,-0.436390,-35.883339),
    (0.000000,0.000000,0.000000,1.000000),
scale(0.300000,0.300000,0.300000,sphere {
material={
    diffuse=(0.000000,0.300000,0.800000);
}
}))
transform(
    (0.894922,0.194720,0.401496,1.298859),
    (-0.147457,-0.720168,0.677949,-1.028148),
     (0.421155,-0.665915,-0.615781,-35.883339),
    (0.000000,0.000000,0.000000,1.000000),
cone { height=1.629012; bottom_radius=0.250000; top_radius=0.250000;
material={
    diffuse=(0.500000,0.500000,0.500000);
}
})
transform(
    (0.894922,0.194720,0.401496,1.952902),
    (-0.147457,-0.720168,0.677949,0.076239),
     (0.421155,-0.665915,-0.615781,-36.886456),
    (0.000000,0.000000,0.000000,1.000000),
scale(0.300000,0.300000,0.300000,sphere {
material={
    diffuse=(0.000000,0.300000,0.800000);
}
}))
transform(
    (0.903886,0.046101,0.425282,1.952902),
    (-0.184946,-0.854341,0.485692,0.076239),
     (0.385727,-0.517664,-0.763701,-36.886456),
    (0.000000,0.000000,0.000000,1.000000),
cone { height=1.547562; bottom_radius=0.250000; top_radius=0.250000;
material={
    diffuse=(0.500000,0.500000,0.500000);
}
})
transform(
    (0.903886,0.046101,0.425282,2.611052),
    (-0.184946,-0.854341,0.485692,0.827878),
     (0.385727,-0.517664,-0.763701,-38.068329),
    (0.000000,0.000000,0.000000,1.000000),
scale(0.300000,0.300000,0.300000,sphere {
material={
    diffuse=(0.000000,0.300000,0.800000);
}
}))
transform(
    (0.905060,-0.104115,0.412342,2.611052),
    (-0.229405,-0.935935,0.267206,0.827878),
     (0.358106,-0.336431,-0.870962,-38.068329),
    (0.000000,0.000000,0.000000,1.000000),
cone { height=1.470184; bottom_radius=0.250000; top_radius=0.250000;
material={
    diffuse=(0.500000,0.500000,0.500000);
}
})
transform(
    (0.905060,-0.104115,0.412342,3.217271),
    (-0.229405,-0.935935,0.267206,1.220720),
     (0.358106,-0.336431,-0.870962,-39.348804),
    (0.000000,0.000000,0.000000,1.000000),
scale(0.300000,0.300000,0.300000,sphere {
material={
    diffuse=(0.000000,0.300000,0.800000);
}
}))
transform(
    (0.898371,-0.246599,0.363482,3.217271),
    (-0.278074,-0.959883,0.036061,1.220720),
     (0.340007,-0.133471,-0.930903,-39.348804),
    (0.000000,0.000000,0.000000,1.000000),
cone { height=1.396675; bottom_radius=0.250000; top_radius=0.250000;
material={
    diffuse=(0.500000,0.500000,0.500000);
}
})
transform(
    (0.898371,-0.246599,0.363482,3.724937),
    (-0.278074,-0.959883,0.036061,1.271085),
     (0.340007,-0.133471,-0.930903,-40.648972),
    (0.000000,0.000000,0.000000,1.000000),
scale(0.300000,0.300000,0.300000,sphere {
material={
    diffuse=(0.000000,0.300000,0.800000);
}
}))
transform(
    (0.884233,-0.372501,0.281734,3.724937),
    (-0.327929,-0.924697,-0.193388,1.271085),
     (0.332556,0.078611,-0.939801,-40.648972),
    (0.000000,0.000000,0.000000,1.000000),
cone { height=1.326841; bottom_radius=0.250000; top_radius=0.250000;
material={
    diffuse=(0.500000,0.500000,0.500000);
}
})
transform(
    (0.884233,-0.372501,0.281734,4.098754),
    (-0.327929,-0.924697,-0.193388,1.014490),
     (0.332556,0.078611,-0.939801,-41.895939),
    (0.000000,0.000000,0.000000,1.000000),
scale(0.300000,0.300000,0.300000,sphere {
material={
    diffuse=(0.000000,0.300000,0.800000);
}
}))
transform(
    (0.863526,-0.474001,0.172178,4.098754),
    (-0.375874,-0.832562,-0.406889,1.014490),
     (0.336214,0.286643,-0.897104,-41.895939),
    (0.000000,0.000000,0.000000,1.000000),
cone { height=1.260499; bottom_radius=0.250000; top_radius=0.250000;
material={
    diffuse=(0.500000,0.500000,0.500000);
}
})
transform(
    (0.863526,-0.474001,0.172178,4.315784),
    (-0.375874,-0.832562,-0.406889,0.501607),
     (0.336214,0.286643,-0.897104,-43.026737),
    (0.000000,0.000000,0.000000,1.000000),
scale(0.300000,0.300000,0.300000,sphere {
material={
    diffuse=(0.000000,0.300000,0.800000);
}
}))
transform(
    (0.819152,-0.573577,0.000000,0.000000),
    (0.099600,0.142244,0.984808,-8.000000),
     (-0.564863,-0.806707,0.173648,-35.000000),
    (0.000000,0.000000,0.000000,1.000000),
cone { height=2.000000; bottom_radius=0.250000; top_radius=0.250000;
material={
    diffuse=(0.500000,0.500000,0.500000);
}
})
transform(
    (0.819152,-0.573577,0.000000,0.000000),
    (0.099600,0.142244,0.984808,-6.030385),
     (-0.564863,-0.806707,0.173648,-34.652702),
    (0.000000,0.000000,0.000000,1.000000),
scale(0.300000,0.300000,0.300000,sphere {
material={
    diffuse=(0.000000,0.300000,0.800000);
}
}))
transform(
    (0.788011,-0.597374,-0.148942,0.000000),
    (0.106908,-0.105475,0.988659,-6.030385),
     (-0.606308,-0.794997,-0.019251,-34.652702),
    (0.000000,0.000000,0.000000,1.000000),
cone { height=1.900000; bottom_radius=0.250000; top_radius=0.250000;
material={
    diffuse=(0.500000,0.500000,0.500000);
}
})
transform(
    (0.788011,-0.597374,-0.148942,-0.282990),
    (0.106908,-0.105475,0.988659,-4.151933),
     (-0.606308,-0.794997,-0.019251,-34.689278),
    (0.000000,0.000000,0.000000,1.000000),
scale(0.300000,0.300000,0.300000,sphere {
material={
    diffuse=(0.000000,0.300000,0.800000);
}
}))
transform(
    (0.755667,-0.582819,-0.298815,-0.282990),
    (0.101242,-0.346808,0.932456,-4.151933),
     (-0.647084,-0.734878,-0.203066,-34.689278),
    (0.000000,0.000000,0.000000,1.000000),
cone { height=1.805000; bottom_radius=0.250000; top_radius=0.250000;
material={
    diffuse=(0.500000,0.500000,0.500000);
}
})
transform(
    (0.755667,-0.582819,-0.298815,-0.822350),
    (0.101242,-0.346808,0.932456,-2.468850),
     (-0.647084,-0.734878,-0.203066,-35.055813),
    (0.000000,0.000000,0.000000,1.000000),
scale(0.300000,0.300000,0.300000,sphere {
material={
    diffuse=(0.000000,0.300000,0.800000);
}
}))
transform(
    (0.724129,-0.530816,-0.440310,-0.822350),
    (0.082953,-0.566768,0.819691,-2.468850),
     (-0.684658,-0.630086,-0.366381,-35.055813),
    (0.000000,0.000000,0.000000,1.000000),
cone { height=1.714750; bottom_radius=0.250000; top_radius=0.250000;
material={
    diffuse=(0.500000,0.500000,0.500000);
}
})
transform(
    (0.724129,-0.530816,-0.440310,-1.577371),
    (0.082953,-0.566768,0.819691,-1.063286),
     (-0.684658,-0.630086,-0.366381,-35.684063),
    (0.000000,0.000000,0.000000,1.000000),
scale(0.300000,0.300000,0.300000,sphere {
material={
    diffuse=(0.000000,0.300000,0.800000);
}
}))
transform(
    (0.695356,-0.444594,-0.564639,-1.577371),
    (0.053177,-0.751693,0.657366,-1.063286),
     (-0.716696,-0.487129,-0.499052,-35.684063),
    (0.000000,0.000000,0.000000,1.000000),
cone { height=1.629012; bottom_radius=0.250000; top_radius=0.250000;
material={
    diffuse=(0.500000,0.500000,0.500000);
}
})
transform(
    (0.695356,-0.444594,-0.564639,-2.497175),
    (0.053177,-0.751693,0.657366,0.007572),
     (-0.716696,-0.487129,-0.499052,-36.497025),
    (0.000000,0.000000,0.000000,1.000000),
scale(0.300000,0.300000,0.300000,sphere {
material={
    diffuse=(0.000000,0.300000,0.800000);
}
}))
transform(
    (0.671134,-0.329509,-0.664080,-2.497175),
    (0.013763,-0.890096,0.455565,0.007572),
     (-0.741208,-0.314885,-0.592839,-36.497025),
    (0.000000,0.000000,0.000000,1.000000),
cone { height=1.547562; bottom_radius=0.250000; top_radius=0.250000;
material={
    diffuse=(0.500000,0.500000,0.500000);
}
})
transform(
    (0.671134,-0.329509,-0.664080,-3.524880),
    (0.013763,-0.890096,0.455565,0.712587),
     (-0.741208,-0.314885,-0.592839,-37.414478),
    (0.000000,0.000000,0.000000,1.000000),
scale(0.300000,0.300000,0.300000,sphere {
material={
    diffuse=(0.000000,0.300000,0.800000);
}
}))
transform(
    (0.652969,-0.192708,-0.732458,-3.524880),
    (-0.032840,-0.973383,0.226820,0.712587),
     (-0.756672,-0.124052,-0.641918,-37.414478),
    (0.000000,0.000000,0.000000,1.000000),
cone { height=1.470184; bottom_radius=0.250000; top_radius=0.250000;
material={
    diffuse=(0.500000,0.500000,0.500000);
}
})
transform(
    (0.652969,-0.192708,-0.732458,-4.601727),
    (-0.032840,-0.973383,0.226820,1.046054),
     (-0.756672,-0.124052,-0.641918,-38.358215),
    (0.000000,0.000000,0.000000,1.000000),
scale(0.300000,0.300000,0.300000,sphere {
material={
    diffuse=(0.000000,0.300000,0.800000);
}
}))
transform(
    (0.641989,-0.042689,-0.765525,-4.601727),
    (-0.083738,-0.996380,-0.014662,1.046054),
     (-0.762127,0.073516,-0.643240,-38.358215),
    (0.000000,0.000000,0.000000,1.000000),
cone { height=1.396675; bottom_radius=0.250000; top_radius=0.250000;
material={
    diffuse=(0.500000,0.500000,0.500000);
}
})
transform(
    (0.641989,-0.042689,-0.765525,-5.670916),
    (-0.083738,-0.996380,-0.014662,1.025576),
     (-0.762127,0.073516,-0.643240,-39.256611),
    (0.000000,0.000000,0.000000,1.000000),
scale(0.300000,0.300000,0.300000,sphere {
material={
    diffuse=(0.000000,0.300000,0.800000);
}
}))
transform(
    (0.638875,0.111232,-0.761227,-5.670916),
    (-0.135769,-0.957659,-0.253882,1.025576),
     (-0.757235,0.265550,-0.596722,-39.256611),
    (0.000000,0.000000,0.000000,1.000000),
cone { height=1.326841; bottom_radius=0.250000; top_radius=0.250000;
material={
    diffuse=(0.500000,0.500000,0.500000);
}
})
transform(
    (0.638875,0.111232,-0.761227,-6.680943),
    (-0.135769,-0.957659,-0.253882,0.688715),
     (-0.757235,0.265550,-0.596722,-40.048367),
    (0.000000,0.000000,0.000000,1.000000),
scale(0.300000,0.300000,0.300000,sphere {
material={
    diffuse=(0.000000,0.300000,0.800000);
}
}))
transform(
    (0.643821,0.259494,-0.719831,-6.680943),
    (-0.185703,-0.859625,-0.475983,0.688715),
     (-0.742300,0.440123,-0.505255,-40.048367),
    (0.000000,0.000000,0.000000,1.000000),
cone { height=1.260499; bottom_radius=0.250000; top_radius=0.250000;
material={
    diffuse=(0.500000,0.500000,0.500000);
}
})
transform(
    (0.643821,0.259494,-0.719831,-7.588290),
    (-0.185703,-0.859625,-0.475983,0.088739),
     (-0.742300,0.440123,-0.505255,-40.685242),
    (0.000000,0.000000,0.000000,1.000000),
scale(0.300000,0.300000,0.300000,sphere {
material={
    diffuse=(0.000000,0.300000,0.800000);
}
}))
transform(
    (-0.292372,-0.956305,0.000000,0.000000),
    (0.166061,-0.050770,0.984808,-8.000000),
     (-0.941776,0.287930,0.173648,-35.000000),
    (0.000000,0.000000,0.000000,1.000000),
cone { height=2.000000; bottom_radius=0.250000; top_radius=0.250000;
material={
    diffuse=(0.500000,0.500000,0.500000);
}
})
transform(
    (-0.292372,-0.956305,0.000000,0.000000),
    (0.166061,-0.050770,0.984808,-6.030385),
     (-0.941776,0.287930,0.173648,-34.652702),
    (0.000000,0.000000,0.000000,1.000000),
scale(0.300000,0.300000,0.300000,sphere {
material={
    diffuse=(0.000000,0.300000,0.800000);
}
}))
transform(
    (-0.342020,-0.911780,-0.227332,0.000000),
    (0.163176,-0.295874,0.941187,-6.030385),
     (-0.925417,0.284810,0.249975,-34.652702),
    (0.000000,0.000000,0.000000,1.000000),
cone { height=1.900000; bottom_radius=0.250000; top_radius=0.250000;
material={
    diffuse=(0.500000,0.500000,0.500000);
}
})
transform(
    (-0.342020,-0.911780,-0.227332,-0.431931),
    (0.163176,-0.295874,0.941187,-4.242130),
     (-0.925417,0.284810,0.249975,-34.177750),
    (0.000000,0.000000,0.000000,1.000000),
scale(0.300000,0.300000,0.300000,sphere {
material={
    diffuse=(0.000000,0.300000,0.800000);
}
}))
transform(
    (-0.389270,-0.811119,-0.436526,-0.431931),
    (0.147467,-0.522671,0.839683,-4.242130),
     (-0.909243,0.262490,0.323074,-34.177750),
    (0.000000,0.000000,0.000000,1.000000),
cone { height=1.805000; bottom_radius=0.250000; top_radius=0.250000;
material={
    diffuse=(0.500000,0.500000,0.500000);
}
})
transform(
    (-0.389270,-0.811119,-0.436526,-1.219861),
    (0.147467,-0.522671,0.839683,-2.726501),
     (-0.909243,0.262490,0.323074,-33.594601),
    (0.000000,0.000000,0.000000,1.000000),
scale(0.300000,0.300000,0.300000,sphere {
material={
    diffuse=(0.000000,0.300000,0.800000);
}
}))
transform(
    (-0.431187,-0.660573,-0.614589,-1.219861),
    (0.119911,-0.717077,0.686602,-2.726501),
     (-0.894259,0.222358,0.388405,-33.594601),
    (0.000000,0.000000,0.000000,1.000000),
cone { height=1.714750; bottom_radius=0.250000; top_radius=0.250000;
material={
    diffuse=(0.500000,0.500000,0.500000);
}
})
transform(
    (-0.431187,-0.660573,-0.614589,-2.273728),
    (0.119911,-0.717077,0.686602,-1.549151),
     (-0.894259,0.222358,0.388405,-32.928585),
    (0.000000,0.000000,0.000000,1.000000),
scale(0.300000,0.300000,0.300000,sphere {
material={
    diffuse=(0.000000,0.300000,0.800000);
}
}))
transform(
    (-0.465168,-0.469494,-0.750462,-2.273728),
    (0.082218,-0.867016,0.491450,-1.549151),
     (-0.881396,0.166906,0.441909,-32.928585),
    (0.000000,0.000000,0.000000,1.000000),
cone { height=1.629012; bottom_radius=0.250000; top_radius=0.250000;
material={
    diffuse=(0.500000,0.500000,0.500000);
}
})
transform(
    (-0.465168,-0.469494,-0.750462,-3.496241),
    (0.082218,-0.867016,0.491450,-0.748574),
     (-0.881396,0.166906,0.441909,-32.208710),
    (0.000000,0.000000,0.000000,1.000000),
scale(0.300000,0.300000,0.300000,sphere {
material={
    diffuse=(0.000000,0.300000,0.800000);
}
}))
transform(
    (-0.489102,-0.249749,-0.835706,-3.496241),
    (0.036729,-0.963177,0.266348,-0.748574),
     (-0.871453,0.099577,0.480265,-32.208710),
    (0.000000,0.000000,0.000000,1.000000),
cone { height=1.547562; bottom_radius=0.250000; top_radius=0.250000;
material={
    diffuse=(0.500000,0.500000,0.500000);
}
})
transform(
    (-0.489102,-0.249749,-0.835706,-4.789548),
    (0.036729,-0.963177,0.266348,-0.336385),
     (-0.871453,0.099577,0.480265,-31.465469),
    (0.000000,0.000000,0.000000,1.000000),
scale(0.300000,0.300000,0.300000,sphere {
material={
    diffuse=(0.000000,0.300000,0.800000);
}
}))
transform(
    (-0.501503,-0.014985,-0.865026,-4.789548),
    (-0.013730,-0.999586,0.025277,-0.336385),
     (-0.865047,0.024553,0.501090,-31.465469),
    (0.000000,0.000000,0.000000,1.000000),
cone { height=1.470184; bottom_radius=0.250000; top_radius=0.250000;
material={
    diffuse=(0.500000,0.500000,0.500000);
}
})
transform(
    (-0.501503,-0.014985,-0.865026,-6.061296),
    (-0.013730,-0.999586,0.025277,-0.299223),
     (-0.865047,0.024553,0.501090,-30.728775),
    (0.000000,0.000000,0.000000,1.000000),
scale(0.300000,0.300000,0.300000,sphere {
material={
    diffuse=(0.000000,0.300000,0.800000);
}
}))
transform(
    (-0.501600,0.220216,-0.836602,-6.061296),
    (-0.066026,-0.973983,-0.216791,-0.299223),
     (-0.862576,-0.053505,0.503089,-30.728775),
    (0.000000,0.000000,0.000000,1.000000),
cone { height=1.396675; bottom_radius=0.250000; top_radius=0.250000;
material={
    diffuse=(0.500000,0.500000,0.500000);
}
})
transform(
    (-0.501600,0.220216,-0.836602,-7.229756),
    (-0.066026,-0.973983,-0.216791,-0.602009),
     (-0.862576,-0.053505,0.503089,-30.026123),
    (0.000000,0.000000,0.000000,1.000000),
scale(0.300000,0.300000,0.300000,sphere {
material={
    diffuse=(0.000000,0.300000,0.800000);
}
}))
transform(
    (-0.489387,0.441246,-0.752199,-7.229756),
    (-0.116910,-0.887957,-0.444820,-0.602009),
     (-0.864195,-0.129750,0.486141,-30.026123),
    (0.000000,0.000000,0.000000,1.000000),
cone { height=1.326841; bottom_radius=0.250000; top_radius=0.250000;
material={
    diffuse=(0.500000,0.500000,0.500000);
}
})
transform(
    (-0.489387,0.441246,-0.752199,-8.227804),
    (-0.116910,-0.887957,-0.444820,-1.192214),
     (-0.864195,-0.129750,0.486141,-29.381092),
    (0.000000,0.000000,0.000000,1.000000),
scale(0.300000,0.300000,0.300000,sphere {
material={
    diffuse=(0.000000,0.300000,0.800000);
}
}))
transform(
    (-0.465623,0.634377,-0.617058,-8.227804),
    (-0.163222,-0.746851,-0.644648,-1.192214),
     (-0.869801,-0.199446,0.451296,-29.381092),
    (0.000000,0.000000,0.000000,1.000000),
cone { height=1.260499; bottom_radius=0.250000; top_radius=0.250000;
material={
    diffuse=(0.500000,0.500000,0.500000);
}
})
transform(
    (-0.465623,0.634377,-0.617058,-9.005605),
    (-0.163222,-0.746851,-0.644648,-2.004793),
     (-0.869801,-0.199446,0.451296,-28.812235),
    (0.000000,0.000000,0.000000,1.000000),
scale(0.300000,0.300000,0.300000,sphere {
material={
    diffuse=(0.000000,0.300000,0.800000);
}
}))
