SBT-raytracer 1.0

camera {
  position=( 0.224581,1.32644,-5.40229 );
  viewdir=( 0.115697,-0.195146,0.973927 );
  updir=( -0.148989,-0.972828,-0.177226 );
  fov=45;
}
point_light {
  position=( 4.98521,-2.76655,-10.5395 );
  color=( 1,1,1 );
}
directional_light {
  direction=( 0.115697,-0.195146,0.973927 );
  color=( 1,1,1 );
}
polymesh {
  name="";
  material={
    diffuse=( 0.15,0.15,0.15);
    ambient=( 0.14,0.14,0.14);
    specular=( 0,0,0);
    emissive=( 0,0,0);
    shininess=25.6;
    transmissive=( 0,0,0 );
  };
   points=( ( 1.3559,-0.415189,-0.786286 ),( 1.39791,-0.686121,-0.778658 ),( 2.0771,-0.574889,-0.568516 ),( 1.3559,-0.415189,-0.786286 ),( 2.0771,-0.574889,-0.568516 ),( 2.03509,-0.303957,-0.576144 ),( 1.4362,-0.410121,-1.0485 ),( 2.11539,-0.298889,-0.838354 ),( 2.1574,-0.569821,-0.830726 ),( 1.4362,-0.410121,-1.0485 ),( 2.1574,-0.569821,-0.830726 ),( 1.47821,-0.681053,-1.04087 ),( 1.3559,-0.415189,-0.786286 ),( 1.4362,-0.410121,-1.0485 ),( 1.47821,-0.681053,-1.04087 ),( 1.3559,-0.415189,-0.786286 ),( 1.47821,-0.681053,-1.04087 ),( 1.39791,-0.686121,-0.778658 ),( 2.03509,-0.303957,-0.576144 ),( 2.0771,-0.574889,-0.568516 ),( 2.1574,-0.569821,-0.830726 ),( 2.03509,-0.303957,-0.576144 ),( 2.1574,-0.569821,-0.830726 ),( 2.11539,-0.298889,-0.838354 ),( 1.3559,-0.415189,-0.786286 ),( 2.03509,-0.303957,-0.576144 ),( 2.11539,-0.298889,-0.838354 ),( 1.3559,-0.415189,-0.786286 ),( 2.11539,-0.298889,-0.838354 ),( 1.4362,-0.410121,-1.0485 ),( 1.39791,-0.686121,-0.778658 ),( 1.47821,-0.681053,-1.04087 ),( 2.1574,-0.569821,-0.830726 ),( 1.39791,-0.686121,-0.778658 ),( 2.1574,-0.569821,-0.830726 ),( 2.0771,-0.574889,-0.568516 )  );
   faces=( ( 0,1,2),( 3,4,5),( 6,7,8),( 9,10,11),( 12,13,14),( 15,16,17),( 18,19,20),( 21,22,23),( 24,25,26),( 27,28,29),( 30,31,32),( 33,34,35)  );
  }
polymesh {
  name="";
  material={
    diffuse=( 0.15,0.15,0.15);
    ambient=( 0.2,0.2,0.2);
    specular=( 0,0,0);
    emissive=( 0,0,0);
    shininess=25.6;
    transmissive=( 0,0,0 );
  };
   points=( ( 0.445669,-0.132364,-0.670525 ),( 0.350795,-0.364406,-0.648024 ),( 1.00947,-0.651453,-0.830976 ),( 0.445669,-0.132364,-0.670525 ),( 1.00947,-0.651453,-0.830976 ),( 1.10434,-0.419411,-0.853477 ),( 0.379699,-0.128943,-0.913398 ),( 1.03837,-0.41599,-1.09635 ),( 0.943499,-0.648032,-1.07385 ),( 0.379699,-0.128943,-0.913398 ),( 0.943499,-0.648032,-1.07385 ),( 0.284826,-0.360985,-0.890897 ),( 0.445669,-0.132364,-0.670525 ),( 0.379699,-0.128943,-0.913398 ),( 0.284826,-0.360985,-0.890897 ),( 0.445669,-0.132364,-0.670525 ),( 0.284826,-0.360985,-0.890897 ),( 0.350795,-0.364406,-0.648024 ),( 1.10434,-0.419411,-0.853477 ),( 1.00947,-0.651453,-0.830976 ),( 0.943499,-0.648032,-1.07385 ),( 1.10434,-0.419411,-0.853477 ),( 0.943499,-0.648032,-1.07385 ),( 1.03837,-0.41599,-1.09635 ),( 0.445669,-0.132364,-0.670525 ),( 1.10434,-0.419411,-0.853477 ),( 1.03837,-0.41599,-1.09635 ),( 0.445669,-0.132364,-0.670525 ),( 1.03837,-0.41599,-1.09635 ),( 0.379699,-0.128943,-0.913398 ),( 0.350795,-0.364406,-0.648024 ),( 0.284826,-0.360985,-0.890897 ),( 0.943499,-0.648032,-1.07385 ),( 0.350795,-0.364406,-0.648024 ),( 0.943499,-0.648032,-1.07385 ),( 1.00947,-0.651453,-0.830976 )  );
   faces=( ( 0,1,2),( 3,4,5),( 6,7,8),( 9,10,11),( 12,13,14),( 15,16,17),( 18,19,20),( 21,22,23),( 24,25,26),( 27,28,29),( 30,31,32),( 33,34,35)  );
  }
translate( 1.40209,0.889724,-1.16044,
transform( (1,0,0,0), (0,1,0,0), (0,0,1,0), (0,0,0,1),
scale( 0.252755,0.252755,0.252755,
sphere {
  name="";
  material={
    diffuse=( 0.63,0.02,0.07);
    ambient=( 0.2,0.2,0.2);
    specular=( 0.39,0.39,0.39);
    emissive=( 0,0,0);
    shininess=25.6;
    transmissive=( 0,0,0 );
  };
}
 )))
translate( 1.32388,0.672387,-0.861948,
transform( (1,0,0,0), (0,1,0,0), (0,0,1,0), (0,0,0,1),
scale( 0.523468,0.523468,0.523468,
sphere {
  name="";
  material={
    diffuse=( 0,0,0);
    ambient=( 0.2,0.2,0.2);
    specular=( 0,0,0);
    emissive=( 0,0,0);
    shininess=25.6;
    transmissive=( 0,0,0 );
  };
}
 )))
translate( 0.171267,-0.723418,-0.00485295,
transform( (1,0,0,0), (0,1,0,0), (0,0,1,0), (0,0,0,1),
scale( 0.790025,0.790025,0.790025,
sphere {
  name="";
  material={
    diffuse=( 0.23,0.23,0.24);
    ambient=( 0.14,0.14,0.14);
    specular=( 0.51,0.51,0.51);
    emissive=( 0,0,0);
    shininess=26.074112;
    transmissive=( 0,0,0 );
  };
}
 )))
translate( 1.28117,0.222247,-6.74218e-09,
transform( (1,0,0,0), (0,1,0,0), (0,0,1,0), (0,0,0,1),
scale( 1.24257,1.24257,1.24257,
sphere {
  name="";
  material={
    diffuse=( 0.56,0.29,0.27);
    ambient=( 0.2,0.2,0.2);
    specular=( 0.13,0.13,0.13);
    emissive=( 0,0,0);
    shininess=41.481472;
    transmissive=( 0,0,0 );
  };
}
 )))
translate( 2.16235,-0.818404,0.0936425,
transform( (1,0,0,0), (0,1,0,0), (0,0,1,0), (0,0,0,1),
scale( 0.818047,0.818047,0.818047,
sphere {
  name="";
  material={
    diffuse=( 0.23,0.23,0.24);
    ambient=( 0.2,0.2,0.2);
    specular=( 0.51,0.51,0.51);
    emissive=( 0,0,0);
    shininess=26.074112;
    transmissive=( 0,0,0 );
  };
}
 )))
polymesh {
  name="";
  material={
    diffuse=( 0.36,0.4,0.56);
    ambient=( 0.2,0.2,0.2);
    specular=( 0.35,0.35,0.35);
    emissive=( 0,0,0);
    shininess=96;
    transmissive=( 0,0,0 );
  };
   points=( ( -11.1792,6.59808,1.46575 ),( -11.2792,-8.28795,2.08698 ),( 8.02086,-8.27182,5.57901 ),( -11.1792,6.59808,1.46575 ),( 8.02086,-8.27182,5.57901 ),( 8.12082,6.61421,4.95778 ),( -11.036,6.56409,0.674414 ),( 8.26403,6.58022,4.16644 ),( 8.16407,-8.30581,4.78767 ),( -11.036,6.56409,0.674414 ),( 8.16407,-8.30581,4.78767 ),( -11.136,-8.32194,1.29564 ),( -11.1792,6.59808,1.46575 ),( -11.036,6.56409,0.674414 ),( -11.136,-8.32194,1.29564 ),( -11.1792,6.59808,1.46575 ),( -11.136,-8.32194,1.29564 ),( -11.2792,-8.28795,2.08698 ),( 8.12082,6.61421,4.95778 ),( 8.02086,-8.27182,5.57901 ),( 8.16407,-8.30581,4.78767 ),( 8.12082,6.61421,4.95778 ),( 8.16407,-8.30581,4.78767 ),( 8.26403,6.58022,4.16644 ),( -11.1792,6.59808,1.46575 ),( 8.12082,6.61421,4.95778 ),( 8.26403,6.58022,4.16644 ),( -11.1792,6.59808,1.46575 ),( 8.26403,6.58022,4.16644 ),( -11.036,6.56409,0.674414 ),( -11.2792,-8.28795,2.08698 ),( -11.136,-8.32194,1.29564 ),( 8.16407,-8.30581,4.78767 ),( -11.2792,-8.28795,2.08698 ),( 8.16407,-8.30581,4.78767 ),( 8.02086,-8.27182,5.57901 )  );
   faces=( ( 0,1,2),( 3,4,5),( 6,7,8),( 9,10,11),( 12,13,14),( 15,16,17),( 18,19,20),( 21,22,23),( 24,25,26),( 27,28,29),( 30,31,32),( 33,34,35)  );
  }
translate( 1.71898,-0.113065,-0.843152,
transform( (0.930746,0.0679516,-0.359296,0), (-0.0596649,0.997635,0.0341164,0), (0.360767,-0.0103164,0.9326,0), (0,0,0,1),
scale( 0.45687,0.45687,0.456869,
sphere {
  name="";
  material={
    diffuse=( 0.56,0.4,0.34);
    ambient=( 0.2,0.2,0.2);
    specular=( 0.06,0.06,0.06);
    emissive=( 0,0,0);
    shininess=25.6;
    transmissive=( 0,0,0 );
  };
}
 )))
translate( 0.875958,-0.080132,-0.794889,
transform( (0.930746,0.0679516,-0.359296,0), (-0.0596649,0.997635,0.0341164,0), (0.360767,-0.0103164,0.9326,0), (0,0,0,1),
scale( 0.451465,0.451465,0.451464,
sphere {
  name="";
  material={
    diffuse=( 0.56,0.4,0.34);
    ambient=( 0.2,0.2,0.2);
    specular=( 0.06,0.06,0.06);
    emissive=( 0,0,0);
    shininess=25.6;
    transmissive=( 0,0,0 );
  };
}
 )))
translate( 0.827302,0.00829136,-1.14587,
transform( (0.851702,-0.126958,0.508415,0), (-0.0553351,0.942994,0.328177,0), (-0.521097,-0.307642,0.796125,0), (0,0,0,1),
scale( 0.221292,0.221292,0.221292,
sphere {
  name="";
  material={
    diffuse=( 0.15,0.15,0.15);
    ambient=( 0.2,0.2,0.2);
    specular=( 0.66,0.66,0.66);
    emissive=( 0,0,0);
    shininess=112.59264;
    transmissive=( 0,0,0 );
  };
}
 )))
translate( 0.899234,0.0272379,-0.851389,
transform( (0.851702,-0.126958,0.508415,0), (-0.0553351,0.942994,0.328177,0), (-0.521097,-0.307642,0.796125,0), (0,0,0,1),
scale( 0.450831,0.463617,0.463617,
sphere {
  name="";
  material={
    diffuse=( 0.55,0.55,0.56);
    ambient=( 0.2,0.2,0.2);
    specular=( 0.25,0.25,0.25);
    emissive=( 0,0,0);
    shininess=112.59264;
    transmissive=( 0,0,0 );
  };
}
 )))
translate( 1.81719,-0.0637172,-1.17188,
transform( (0.99351,0.0515153,0.101408,0), (-0.0810053,0.94633,0.312887,0), (-0.0798465,-0.319071,0.944361,0), (0,0,0,1),
scale( 0.221292,0.221292,0.221292,
sphere {
  name="";
  material={
    diffuse=( 0.15,0.15,0.15);
    ambient=( 0.2,0.2,0.2);
    specular=( 0.66,0.66,0.66);
    emissive=( 0,0,0);
    shininess=112.59264;
    transmissive=( 0,0,0 );
  };
}
 )))
translate( 1.74846,-0.0468889,-0.876506,
transform( (0.99351,0.0515153,0.101408,0), (-0.0810053,0.94633,0.312887,0), (-0.0798466,-0.319071,0.944361,0), (0,0,0,1),
scale( 0.450831,0.463617,0.463617,
sphere {
  name="";
  material={
    diffuse=( 0.55,0.55,0.56);
    ambient=( 0.2,0.2,0.2);
    specular=( 0.25,0.25,0.25);
    emissive=( 0,0,0);
    shininess=112.59264;
    transmissive=( 0,0,0 );
  };
}
 )))
